frankervrep,frankervrep-l103-c32.result.json,9,9,52,49,64,16,15,34,135,1101,2278,1968,57,1875
frankervrep,frankervrep-l107-c27.result.json,9,9,52,49,64,16,15,34,135,1101,2278,1031,37,970
frankervrep,frankervrep-l109-c28.result.json,9,9,52,50,66,16,15,34,135,1101,2278,1015,41,947
frankervrep,frankervrep-l113-c31.result.json,9,9,52,49,64,16,15,34,135,1124,2315,970,33,914
frankervrep,frankervrep-l117-c34.result.json,9,9,52,49,64,16,15,32,135,1101,2278,954,32,901
frankervrep,frankervrep-l12-c40.result.json,9,9,52,49,64,16,15,34,135,1101,2278,963,34,907
frankervrep,frankervrep-l122-c41.result.json,0,0,52,48,62,16,15,34,135,1055,2196,52,31,0
frankervrep,frankervrep-l125-c30.result.json,9,9,52,50,66,16,15,34,135,1101,2278,951,32,897
frankervrep,frankervrep-l13-c32.result.json,9,9,52,50,66,16,15,34,135,1101,2278,948,33,886
frankervrep,frankervrep-l130-c3.result.json,8,8,52,48,62,16,15,34,315,2005,3620,472,44,405
frankervrep,frankervrep-l136-c21.result.json,3,3,52,48,62,16,15,34,151,1222,2467,132,32,78
frankervrep,frankervrep-l14-c30.result.json,9,9,52,49,64,16,15,34,135,1078,2241,968,38,907
frankervrep,frankervrep-l141-c41.result.json,7,7,52,48,62,16,15,34,195,1198,2374,470,42,407
frankervrep,frankervrep-l146-c21.result.json,9,9,52,50,66,16,15,34,135,1101,2278,995,35,889
frankervrep,frankervrep-l146-c29.result.json,5,5,52,49,64,16,15,34,135,1036,2166,229,31,178
frankervrep,frankervrep-l15-c32.result.json,9,9,52,49,64,16,15,34,135,1101,2278,948,37,890
frankervrep,frankervrep-l151-c50.result.json,2,2,52,47,60,16,15,34,145,1144,2337,449,31,357
frankervrep,frankervrep-l151-c52.result.json,4,4,52,48,62,16,15,34,155,1186,2415,345,43,282
frankervrep,frankervrep-l157-c67.result.json,2,2,52,48,62,16,15,34,153,1205,2442,369,39,306
frankervrep,frankervrep-l157-c69.result.json,7,7,52,48,62,16,15,34,297,2217,4018,549,42,487
frankervrep,frankervrep-l16-c24.result.json,9,9,52,49,64,16,15,34,135,1101,2278,929,37,870
frankervrep,frankervrep-l162-c40.result.json,7,7,52,48,62,16,15,34,513,2237,3978,846,50,745
frankervrep,frankervrep-l162-c42.result.json,4,4,52,48,62,16,15,34,189,1221,2445,254,36,197
frankervrep,frankervrep-l170-c11.result.json,8,8,52,48,62,16,15,34,135,1084,2254,474,47,406
frankervrep,frankervrep-l171-c10.result.json,8,8,52,48,62,16,15,34,135,1084,2254,476,32,423
frankervrep,frankervrep-l172-c10.result.json,8,8,52,48,62,16,15,34,135,1084,2254,468,31,416
frankervrep,frankervrep-l173-c23.result.json,9,9,52,49,64,16,15,34,135,1101,2278,976,32,883
frankervrep,frankervrep-l173-c35.result.json,7,7,52,48,62,16,15,34,135,1144,2360,662,43,599
frankervrep,frankervrep-l174-c18.result.json,9,9,52,50,66,16,15,34,135,1101,2278,1001,31,899
frankervrep,frankervrep-l174-c30.result.json,7,7,52,48,62,16,15,34,135,1144,2360,641,31,588
frankervrep,frankervrep-l175-c22.result.json,9,9,52,49,64,16,15,34,135,1101,2278,981,30,887
frankervrep,frankervrep-l175-c36.result.json,NO SCENARIO,
frankervrep,frankervrep-l176-c14.result.json,9,9,52,50,66,16,15,34,135,1101,2278,1019,31,918
frankervrep,frankervrep-l176-c28.result.json,NO SCENARIO,
frankervrep,frankervrep-l178-c22.result.json,0,0,52,48,62,16,15,34,135,1055,2196,50,30,0
frankervrep,frankervrep-l178-c34.result.json,7,7,52,48,62,16,15,34,135,1144,2360,626,29,576
frankervrep,frankervrep-l179-c16.result.json,0,0,52,48,62,16,15,34,135,1055,2196,57,36,0
frankervrep,frankervrep-l179-c28.result.json,7,7,52,48,62,16,15,34,135,1144,2360,646,30,596
frankervrep,frankervrep-l180-c18.result.json,0,0,52,49,64,16,15,32,135,1009,2122,50,29,0
frankervrep,frankervrep-l180-c32.result.json,NO SCENARIO,
frankervrep,frankervrep-l184-c16.result.json,9,9,52,49,64,16,15,34,135,1078,2241,974,30,881
frankervrep,frankervrep-l184-c28.result.json,7,7,52,48,62,16,15,34,135,1144,2360,648,32,595
frankervrep,frankervrep-l185-c13.result.json,9,9,52,49,64,16,15,32,135,1101,2278,990,37,890
frankervrep,frankervrep-l185-c27.result.json,NO SCENARIO,
frankervrep,frankervrep-l189-c16.result.json,9,9,52,50,66,16,15,34,135,1101,2278,977,34,891
frankervrep,frankervrep-l189-c28.result.json,9,9,52,50,66,16,15,34,135,1101,2278,981,31,887
frankervrep,frankervrep-l189-c40.result.json,7,7,52,48,62,16,15,34,135,1144,2360,638,30,588
frankervrep,frankervrep-l19-c29.result.json,9,9,52,49,64,16,15,34,135,1124,2315,938,31,885
frankervrep,frankervrep-l193-c46.result.json,7,8,52,48,62,16,15,34,343,2392,4273,587,41,525
frankervrep,frankervrep-l193-c57.result.json,9,9,52,49,64,16,15,34,711,4520,7517,1000,46,902
frankervrep,frankervrep-l193-c59.result.json,7,8,52,48,62,16,15,34,343,2392,4273,593,32,535
frankervrep,frankervrep-l20-c25.result.json,9,9,52,49,64,16,15,34,135,1101,2278,941,34,880
frankervrep,frankervrep-l208-c10.result.json,5,5,52,48,62,16,15,34,135,1059,2203,225,29,176
frankervrep,frankervrep-l209-c15.result.json,3,3,52,48,62,16,15,34,135,1078,2236,123,40,63
frankervrep,frankervrep-l21-c28.result.json,9,9,52,49,64,16,15,34,135,1101,2278,922,30,871
frankervrep,frankervrep-l211-c18.result.json,8,8,52,49,64,16,15,34,135,1078,2242,489,40,423
frankervrep,frankervrep-l215-c43.result.json,0,0,52,48,62,16,15,34,135,1055,2196,49,30,0
frankervrep,frankervrep-l216-c15.result.json,9,9,52,48,62,16,15,34,711,3753,6178,973,46,877
frankervrep,frankervrep-l216-c23.result.json,5,5,52,47,60,16,15,34,183,1442,2807,233,30,182
frankervrep,frankervrep-l217-c35.result.json,4,4,52,48,62,16,15,34,175,1323,2605,295,30,244
frankervrep,frankervrep-l22-c30.result.json,9,9,52,50,66,16,15,34,135,1101,2278,927,30,876
frankervrep,frankervrep-l221-c13.result.json,5,5,52,48,62,16,15,34,135,1059,2203,227,29,171
frankervrep,frankervrep-l222-c18.result.json,3,3,52,48,62,16,15,34,135,1078,2236,112,29,63
frankervrep,frankervrep-l228-c21.result.json,3,3,52,48,62,16,15,34,143,1138,2331,119,29,69
frankervrep,frankervrep-l228-c39.result.json,8,9,52,49,64,16,15,34,423,2497,4372,1007,51,896
frankervrep,frankervrep-l228-c47.result.json,5,5,52,49,64,16,15,34,159,1216,2451,241,31,189
frankervrep,frankervrep-l234-c21.result.json,3,3,52,47,60,16,15,34,143,1161,2368,124,36,66
frankervrep,frankervrep-l234-c39.result.json,8,9,52,49,64,16,15,34,423,2520,4409,1032,34,946
frankervrep,frankervrep-l234-c47.result.json,5,5,52,47,60,16,15,34,159,1262,2525,232,30,181
frankervrep,frankervrep-l4-c22.result.json,9,9,52,49,64,16,15,34,135,1101,2278,921,30,870
frankervrep,frankervrep-l49-c29.result.json,9,9,52,49,64,16,15,34,135,1101,2278,937,36,879
frankervrep,frankervrep-l5-c23.result.json,9,9,52,49,64,16,15,32,135,1101,2278,930,31,879
frankervrep,frankervrep-l71-c30.result.json,9,9,52,50,66,16,15,34,135,1101,2278,935,31,883
frankervrep,frankervrep-l72-c37.result.json,9,9,52,49,64,16,15,34,135,1101,2278,942,36,885
frankervrep,frankervrep-l73-c29.result.json,9,9,52,49,64,16,15,34,135,1101,2278,924,30,873
frankervrep,frankervrep-l74-c30.result.json,9,9,52,50,66,16,15,34,135,1101,2278,934,32,882
frankervrep,frankervrep-l75-c22.result.json,9,9,52,50,66,16,15,34,135,1101,2278,965,31,914
frankervrep,frankervrep-l76-c32.result.json,9,9,52,49,64,16,15,34,135,1101,2278,998,32,941
frankervrep,frankervrep-l8-c31.result.json,9,9,52,49,64,16,15,34,135,1078,2241,957,30,906
frankervrep,frankervrep-l80-c34.result.json,9,9,52,49,64,16,15,34,135,1101,2278,924,29,873
frankervrep,frankervrep-l84-c21.result.json,9,9,52,48,62,16,15,34,135,1101,2278,969,31,916
frankervrep,frankervrep-l85-c22.result.json,9,9,52,49,64,16,15,34,135,1124,2315,967,39,907
frankervrep,frankervrep-l88-c45.result.json,9,9,52,50,66,16,15,34,135,1101,2278,959,31,906
frankervrep,frankervrep-l89-c38.result.json,9,9,52,48,62,16,15,34,135,1124,2315,961,31,909
frankervrep,frankervrep-l9-c32.result.json,9,9,52,50,66,16,15,34,135,1101,2278,963,30,911
frankervrep,frankervrep-l90-c32.result.json,9,9,52,50,66,16,15,34,135,1101,2278,981,32,928
frankervrep,frankervrep-l91-c32.result.json,9,9,52,49,64,16,15,34,135,1101,2278,932,29,881
frankervrep,frankervrep-l92-c41.result.json,9,9,52,50,66,16,15,34,135,1101,2278,924,30,873
frankervrep,frankervrep-l94-c35.result.json,9,9,52,50,66,16,15,34,135,1101,2278,973,30,921
git,git-l10-c28.result.json,10,10,10,9,13,17,3,4,256,2758,4523,750,58,670
git,git-l105-c33.result.json,7,8,10,9,13,17,6,7,480,4157,6544,300,65,219
git,git-l105-c44.result.json,9,9,10,9,13,17,3,3,760,5712,8475,508,42,303
git,git-l105-c74.result.json,8,9,10,9,13,17,6,7,564,4668,7235,246,66,173
git,git-l105-c87.result.json,8,9,10,9,13,17,6,7,564,4668,7235,207,44,155
git,git-l109-c28.result.json,7,9,10,9,12,17,7,7,448,3639,5862,178,66,107
git,git-l109-c65.result.json,7,9,10,9,12,17,7,7,448,3639,5862,150,60,85
git,git-l109-c69.result.json,6,10,10,8,10,17,6,6,796,6171,9995,427,49,241
git,git-l109-c72.result.json,10,11,10,9,13,17,7,9,628,4559,7296,241,72,162
git,git-l113-c27.result.json,8,10,10,8,14,17,4,5,796,6224,9600,252,29,221
git,git-l113-c33.result.json,3,5,10,6,8,17,3,3,376,4966,9985,307,28,145
git,git-l113-c56.result.json,8,10,10,8,14,17,4,5,796,6224,9600,254,31,221
git,git-l113-c62.result.json,3,5,10,6,8,17,3,3,376,4966,9985,303,29,157
git,git-l118-c27.result.json,8,10,10,8,14,17,4,5,796,6224,9600,273,33,239
git,git-l118-c33.result.json,3,5,10,6,8,17,3,3,376,4966,9985,316,27,169
git,git-l118-c56.result.json,8,9,10,9,13,17,7,7,448,4356,7467,188,48,130
git,git-l122-c28.result.json,8,9,10,9,13,17,7,7,448,4356,7467,207,50,147
git,git-l122-c42.result.json,8,9,10,9,13,17,7,7,448,4356,7467,191,49,132
git,git-l122-c58.result.json,8,9,10,9,13,17,7,7,448,4356,7467,208,44,155
git,git-l122-c71.result.json,8,9,10,9,13,17,7,7,448,4356,7467,184,44,130
git,git-l126-c28.result.json,8,9,10,9,13,17,6,6,786,8197,15130,164,44,110
git,git-l126-c41.result.json,8,9,10,9,13,17,6,6,786,8197,15130,148,46,92
git,git-l136-c22.result.json,10,10,10,9,16,17,5,6,890,7975,13239,403,39,207
git,git-l136-c24.result.json,8,8,10,9,13,17,7,7,658,7000,12813,115,39,66
git,git-l141-c20.result.json,8,8,10,9,12,17,4,4,424,3720,5938,369,26,145
git,git-l141-c22.result.json,8,8,10,9,13,17,7,7,658,7000,12813,121,45,67
git,git-l150-c17.result.json,7,9,10,8,12,17,7,7,544,4087,6470,148,55,89
git,git-l150-c23.result.json,10,11,10,9,13,17,7,9,814,5427,8474,203,67,130
git,git-l150-c33.result.json,10,10,10,9,13,17,3,4,1066,6366,9385,378,29,220
git,git-l150-c41.result.json,7,9,10,8,12,17,7,7,544,4087,6470,135,63,68
git,git-l154-c17.result.json,7,9,10,9,12,17,7,7,448,3679,5940,118,49,65
git,git-l154-c9.result.json,10,10,10,9,13,17,3,4,796,5204,7869,358,27,192
git,git-l158-c17.result.json,7,9,10,8,12,17,8,9,1170,9552,15766,4307,3960,343
git,git-l158-c39.result.json,7,9,10,8,11,17,5,6,1050,8711,14177,319,52,260
git,git-l158-c44.result.json,8,10,10,8,12,17,6,7,2330,18218,30071,1525,447,938
git,git-l158-c52.result.json,7,9,10,8,12,17,8,9,1170,9552,15766,4481,4162,315
git,git-l158-c58.result.json,10,11,10,9,13,17,7,9,1770,13464,22186,5726,5127,593
git,git-l158-c68.result.json,10,11,10,9,13,17,7,9,1770,13464,22186,5784,5176,599
git,git-l168-c16.result.json,7,9,10,9,12,17,7,7,544,4143,6574,137,60,73
git,git-l168-c20.result.json,10,10,10,9,13,17,4,5,1066,6728,10000,351,29,191
git,git-l168-c32.result.json,4,6,10,7,8,17,2,2,328,3242,5292,41,21,17
git,git-l168-c35.result.json,NO SCENARIO,
git,git-l168-c47.result.json,1,1,10,4,4,17,1,1,256,2689,4404,179,23,45
git,git-l168-c54.result.json,7,9,10,8,12,17,7,7,544,4143,6574,139,63,73
git,git-l17-c17.result.json,10,10,10,9,13,17,3,4,256,2758,4523,253,24,227
git,git-l172-c16.result.json,7,9,10,8,12,17,7,7,544,4143,6574,109,40,65
git,git-l172-c20.result.json,10,10,10,10,15,17,4,5,1066,6728,10000,358,29,199
git,git-l172-c31.result.json,10,11,10,10,15,17,9,9,1178,9583,17034,243,49,182
git,git-l172-c43.result.json,10,10,10,10,15,17,4,5,1066,6466,9579,339,27,182
git,git-l172-c50.result.json,7,9,10,9,12,17,7,7,544,4143,6574,117,41,72
git,git-l172-c58.result.json,10,11,10,10,15,17,9,9,1178,9583,17034,210,56,145
git,git-l172-c66.result.json,10,10,10,10,15,17,4,5,1066,6466,9579,393,29,193
git,git-l172-c73.result.json,7,9,10,9,12,17,7,7,544,4143,6574,109,37,68
git,git-l176-c11.result.json,7,9,10,8,10,17,7,7,448,3670,5901,123,49,70
git,git-l176-c16.result.json,3,3,10,8,11,17,4,4,292,3010,5193,220,28,46
git,git-l176-c23.result.json,7,9,10,8,12,17,7,7,448,3693,5966,128,50,74
git,git-l176-c6.result.json,5,7,10,5,6,17,3,3,340,3357,5475,58,24,31
git,git-l186-c11.result.json,11,12,10,10,15,17,10,11,1026,8779,15789,813,670,137
git,git-l186-c22.result.json,10,10,10,9,13,17,3,4,796,5204,7869,371,32,216
git,git-l186-c29.result.json,8,10,10,8,12,17,7,7,496,3942,6321,135,47,84
git,git-l186-c8.result.json,7,9,10,7,8,17,6,6,448,3679,5940,112,39,68
git,git-l190-c10.result.json,8,10,10,8,12,17,8,8,496,3922,6283,366,276,86
git,git-l194-c15.result.json,7,9,10,8,10,17,8,8,512,3991,6310,128,53,70
git,git-l194-c25.result.json,10,11,10,9,13,17,7,9,752,5241,8164,202,66,130
git,git-l194-c36.result.json,10,10,10,9,13,17,3,4,976,6096,8935,399,30,222
git,git-l194-c42.result.json,7,9,10,8,10,17,8,8,512,3991,6310,128,56,68
git,git-l198-c15.result.json,7,9,10,8,10,17,8,8,512,3991,6310,133,61,68
git,git-l198-c25.result.json,10,11,10,9,13,17,7,9,752,5241,8164,223,56,162
git,git-l198-c33.result.json,10,11,10,9,11,17,7,7,752,5193,7977,187,39,142
git,git-l198-c44.result.json,10,10,10,9,13,17,3,4,976,6096,8935,362,28,204
git,git-l198-c50.result.json,7,9,10,8,10,17,8,8,512,3991,6310,174,63,107
git,git-l207-c11.result.json,10,10,10,9,13,17,3,4,796,5204,7869,355,28,210
git,git-l207-c17.result.json,7,9,10,8,12,17,7,7,448,3693,5966,127,50,72
git,git-l207-c6.result.json,8,10,10,8,12,17,8,8,496,3922,6283,419,325,89
git,git-l211-c12.result.json,10,10,10,9,13,17,3,4,796,5204,7869,350,27,210
git,git-l211-c17.result.json,6,8,10,8,10,17,6,6,412,3461,5581,89,32,53
git,git-l211-c19.result.json,8,9,10,9,11,17,5,5,412,3537,5727,89,23,54
git,git-l211-c7.result.json,7,9,10,8,12,17,7,7,448,3693,5966,115,46,65
git,git-l22-c16.result.json,10,10,10,9,13,17,3,3,256,2758,4523,227,25,200
git,git-l23-c15.result.json,10,10,10,9,13,17,3,3,256,2758,4523,231,25,204
git,git-l241-c28.result.json,7,9,10,8,11,17,5,6,490,3778,5887,97,28,61
git,git-l241-c32.result.json,8,10,10,8,12,17,6,7,1066,7431,11705,408,45,220
git,git-l241-c38.result.json,7,9,10,7,8,17,6,6,544,4087,6470,104,33,66
git,git-l241-c54.result.json,8,9,10,7,11,17,5,7,652,4678,7455,229,57,166
git,git-l241-c59.result.json,8,10,10,8,10,17,7,7,634,4514,7035,134,42,88
git,git-l245-c108.result.json,7,9,10,8,11,17,5,5,724,4814,7261,138,29,76
git,git-l245-c112.result.json,6,9,10,8,12,17,6,7,1264,8068,12412,375,66,124
git,git-l245-c119.result.json,0,0,10,4,4,17,1,1,256,2689,4404,25,23,0
git,git-l245-c122.result.json,7,8,10,8,11,17,7,7,724,4970,7803,177,86,56
git,git-l245-c138.result.json,8,9,10,7,11,17,5,7,1048,6452,9819,171,68,97
git,git-l245-c143.result.json,0,0,10,4,4,17,1,1,256,2689,4404,24,22,0
git,git-l245-c164.result.json,10,11,10,9,13,17,7,9,1372,7939,11828,628,483,138
git,git-l245-c28.result.json,7,9,10,8,11,17,5,6,724,4814,7261,99,29,63
git,git-l245-c32.result.json,7,10,10,8,12,17,6,7,1876,11091,16599,393,73,191
git,git-l245-c38.result.json,7,9,10,7,8,17,6,6,832,5369,8174,165,87,74
git,git-l245-c50.result.json,10,11,10,9,13,17,7,9,1372,7939,11828,647,495,146
git,git-l245-c55.result.json,8,10,10,8,10,17,7,7,1012,6206,9289,508,396,107
git,git-l245-c58.result.json,9,11,10,9,11,17,6,6,868,5524,8343,144,34,90
git,git-l254-c11.result.json,8,10,10,9,11,17,3,3,1120,6630,9696,194,30,147
git,git-l254-c15.result.json,8,9,10,9,13,17,7,7,1120,7904,12253,412,58,150
git,git-l254-c22.result.json,7,9,10,9,13,17,7,7,1120,7904,12253,417,54,148
git,git-l254-c30.result.json,6,8,10,9,12,17,6,6,544,4029,6343,96,42,50
git,git-l258-c11.result.json,7,9,10,8,11,17,4,5,568,4122,6341,91,29,54
git,git-l258-c15.result.json,6,10,10,8,10,17,6,6,1336,8601,13235,447,61,244
git,git-l258-c23.result.json,6,8,10,9,12,17,6,6,544,4029,6343,97,42,51
git,git-l26-c21.result.json,9,9,10,9,11,17,3,3,256,2756,4519,172,24,146
git,git-l262-c6.result.json,6,10,10,8,12,17,4,4,1970,15804,27699,441,53,192
git,git-l262-c8.result.json,8,8,10,9,13,17,7,7,1042,9112,15981,136,50,77
git,git-l266-c18.result.json,0,0,10,4,4,17,1,1,256,2689,4404,21,20,0
git,git-l266-c24.result.json,6,8,10,8,10,17,7,7,448,3645,5815,83,31,49
git,git-l271-c22.result.json,0,0,10,4,4,17,1,1,256,2689,4404,22,21,0
git,git-l271-c28.result.json,6,8,10,8,12,17,7,7,496,4077,6415,111,51,54
git,git-l271-c55.result.json,0,0,10,4,4,17,1,1,256,2689,4404,24,22,0
git,git-l271-c61.result.json,0,0,10,4,4,17,1,1,256,2689,4404,25,23,0
git,git-l271-c82.result.json,7,8,10,9,13,17,6,7,576,4605,7152,133,36,92
git,git-l271-c92.result.json,8,9,10,10,15,17,7,7,516,4257,6675,103,26,59
git,git-l276-c111.result.json,7,8,10,9,13,17,6,7,576,4605,7152,129,37,87
git,git-l276-c124.result.json,0,0,10,4,4,17,1,1,256,2689,4404,24,22,0
git,git-l276-c23.result.json,0,0,10,4,4,17,1,1,256,2689,4404,22,20,0
git,git-l276-c29.result.json,6,8,10,8,12,17,7,7,496,4077,6415,105,49,52
git,git-l276-c57.result.json,0,0,10,4,4,17,1,1,256,2689,4404,23,21,0
git,git-l276-c63.result.json,0,0,10,4,4,17,1,1,256,2689,4404,22,20,0
git,git-l276-c84.result.json,7,8,10,9,13,17,6,7,576,4605,7152,137,35,97
git,git-l276-c94.result.json,8,9,10,10,15,17,7,7,516,4257,6675,91,24,54
git,git-l288-c20.result.json,10,10,10,9,13,17,3,4,1336,7536,10915,398,78,190
git,git-l288-c28.result.json,7,9,10,8,12,17,7,7,640,4503,7014,133,60,68
git,git-l288-c9.result.json,10,11,10,9,13,17,7,9,1000,6233,9528,207,75,126
git,git-l292-c18.result.json,6,9,10,7,8,17,5,5,832,5721,8764,110,36,69
git,git-l292-c22.result.json,2,2,10,8,10,17,3,3,292,2849,4637,31,24,4
git,git-l292-c24.result.json,10,11,10,9,14,17,7,9,1372,8589,12938,650,505,139
git,git-l292-c32.result.json,10,11,10,9,12,17,9,9,1372,8449,12507,898,751,132
git,git-l292-c43.result.json,8,10,10,9,12,17,3,3,1876,11046,15974,225,34,189
git,git-l292-c52.result.json,7,9,10,8,12,17,4,5,724,5104,7759,90,29,55
git,git-l292-c62.result.json,9,9,10,9,14,17,3,4,1552,9280,13532,198,32,149
git,git-l292-c65.result.json,10,11,10,9,12,17,7,8,1372,8443,12414,207,71,130
git,git-l292-c7.result.json,6,9,10,7,8,17,5,5,832,5721,8764,103,33,67
git,git-l292-c77.result.json,10,10,10,9,14,17,3,3,1876,10956,15865,413,37,243
git,git-l292-c88.result.json,9,10,10,7,14,17,6,8,1120,7293,11138,638,515,117
git,git-l296-c20.result.json,6,9,10,8,10,17,6,6,832,5735,8790,113,37,72
git,git-l296-c24.result.json,8,10,10,9,12,17,3,3,1876,11046,15974,380,35,211
git,git-l296-c35.result.json,9,10,10,7,14,17,6,8,1120,7293,11138,981,863,109
git,git-l296-c45.result.json,0,0,10,4,4,17,1,1,256,2689,4404,27,24,0
git,git-l296-c8.result.json,6,9,10,8,10,17,6,6,832,5735,8790,113,35,74
git,git-l300-c22.result.json,6,9,10,8,10,17,6,6,640,4897,7690,109,34,71
git,git-l300-c9.result.json,6,9,10,8,10,17,6,6,640,4897,7690,104,34,66
git,git-l304-c16.result.json,7,10,10,8,10,17,7,7,736,5444,8473,132,42,86
git,git-l304-c6.result.json,7,10,10,8,10,17,7,7,736,5444,8473,135,44,87
git,git-l308-c18.result.json,6,9,10,8,10,17,6,6,640,4911,7716,111,34,71
git,git-l308-c7.result.json,6,9,10,8,10,17,6,6,640,4911,7716,115,39,72
git,git-l312-c16.result.json,6,9,10,8,10,17,6,6,640,4900,7612,105,34,66
git,git-l312-c6.result.json,6,9,10,8,10,17,6,6,640,4900,7612,146,35,107
git,git-l316-c8.result.json,8,10,10,8,10,17,7,7,508,3976,6335,140,42,93
git,git-l32-c17.result.json,10,10,10,9,13,17,3,3,256,2758,4523,220,25,193
git,git-l320-c8.result.json,8,10,10,8,10,17,7,7,508,3976,6335,137,39,94
git,git-l33-c19.result.json,10,10,10,9,13,17,3,4,256,2758,4523,224,24,198
git,git-l346-c18.result.json,10,10,10,9,13,17,3,4,1336,7536,10915,359,31,196
git,git-l346-c26.result.json,7,9,10,9,12,17,7,7,640,4503,7014,126,57,65
git,git-l346-c7.result.json,10,11,10,9,13,17,7,9,1000,6233,9528,197,64,127
git,git-l359-c47.result.json,8,9,10,9,13,17,6,8,476,3930,6399,129,31,92
git,git-l360-c50.result.json,10,10,10,9,13,17,4,5,706,5044,7598,402,26,183
git,git-l360-c58.result.json,6,8,10,8,10,17,7,7,376,3309,5359,83,31,48
git,git-l368-c12.result.json,8,10,10,7,8,17,6,6,496,3928,6295,125,34,87
git,git-l37-c17.result.json,10,10,10,9,13,17,3,3,256,2758,4523,210,23,185
git,git-l372-c24.result.json,6,9,10,8,10,17,6,6,736,5361,8324,101,29,68
git,git-l372-c30.result.json,10,11,10,10,16,17,9,9,1610,12175,20976,253,92,151
git,git-l376-c24.result.json,6,9,10,8,10,17,6,6,736,5361,8324,103,30,69
git,git-l376-c33.result.json,7,10,10,8,10,17,7,7,856,6006,9233,138,46,87
git,git-l376-c43.result.json,7,10,10,8,10,17,7,7,856,6006,9233,212,43,165
git,git-l38-c19.result.json,10,10,10,9,13,17,3,4,256,2758,4523,215,23,190
git,git-l380-c24.result.json,6,9,10,8,10,17,6,6,736,5361,8324,128,31,92
git,git-l380-c34.result.json,6,9,10,8,10,17,6,6,736,5361,8324,115,36,74
git,git-l380-c45.result.json,6,9,10,8,10,17,6,6,736,5361,8324,108,34,70
git,git-l384-c24.result.json,6,9,10,8,10,17,6,6,736,5361,8324,112,32,76
git,git-l384-c33.result.json,6,9,10,8,10,17,6,6,736,5350,8220,167,91,71
git,git-l384-c43.result.json,6,9,10,8,10,17,6,6,736,5350,8220,108,33,70
git,git-l384-c53.result.json,0,0,10,4,4,17,1,1,256,2689,4404,22,21,0
git,git-l384-c58.result.json,0,0,10,4,4,17,1,1,256,2689,4404,21,20,0
git,git-l388-c24.result.json,6,9,10,8,10,17,6,6,736,5361,8324,109,31,74
git,git-l388-c30.result.json,10,11,10,10,16,17,9,9,1610,12175,20976,307,80,217
git,git-l388-c42.result.json,8,9,10,8,12,17,7,7,796,6138,9705,136,52,79
git,git-l388-c47.result.json,6,9,10,8,10,17,6,6,736,5350,8220,125,32,88
git,git-l392-c24.result.json,6,9,10,8,10,17,6,6,736,5361,8324,101,30,68
git,git-l392-c35.result.json,6,9,10,8,10,17,6,6,736,5361,8324,104,31,70
git,git-l392-c47.result.json,6,9,10,8,10,17,6,6,736,5361,8324,103,30,69
git,git-l392-c51.result.json,8,10,10,10,16,17,4,4,2330,14767,23019,424,51,189
git,git-l392-c58.result.json,5,9,10,8,12,17,2,2,1096,7317,10975,345,27,130
git,git-l392-c61.result.json,10,11,10,10,14,17,9,9,1066,7690,12001,234,51,177
git,git-l392-c69.result.json,8,9,10,8,12,17,6,7,916,6258,9455,136,38,92
git,git-l392-c74.result.json,6,9,10,8,10,17,6,6,736,5350,8220,121,39,77
git,git-l392-c79.result.json,1,1,10,4,4,17,1,1,256,2689,4404,24,22,0
git,git-l396-c22.result.json,6,9,10,8,10,17,6,6,640,4897,7690,106,34,68
git,git-l396-c9.result.json,6,9,10,8,10,17,6,6,640,4897,7690,106,34,68
git,git-l4-c19.result.json,10,10,10,9,13,17,3,3,256,2758,4523,208,25,181
git,git-l400-c18.result.json,6,9,10,7,8,17,5,5,640,4897,7690,104,34,67
git,git-l400-c7.result.json,6,9,10,7,8,17,5,5,640,4897,7690,103,32,67
git,git-l41-c19.result.json,10,10,10,9,13,17,3,3,256,2758,4523,217,24,190
git,git-l423-c18.result.json,10,10,10,9,13,17,3,4,1336,7536,10915,352,30,191
git,git-l423-c24.result.json,7,9,10,7,8,17,6,6,640,4503,7014,124,40,80
git,git-l423-c7.result.json,10,11,10,9,13,17,7,9,1000,6233,9528,211,65,140
git,git-l427-c15.result.json,10,10,10,9,13,17,3,4,1156,6996,10015,402,28,244
git,git-l427-c21.result.json,7,9,10,8,10,17,8,8,576,4311,6694,132,61,67
git,git-l427-c24.result.json,11,12,10,10,15,17,10,11,1398,10483,18089,1913,1775,132
git,git-l427-c37.result.json,10,11,10,9,13,17,7,9,876,5861,8908,200,53,141
git,git-l427-c4.result.json,10,11,10,9,13,17,7,9,876,5861,8908,194,47,141
git,git-l427-c48.result.json,10,10,10,9,13,17,3,4,1156,6996,10015,347,29,186
git,git-l427-c54.result.json,7,9,10,8,10,17,8,8,576,4311,6694,136,61,70
git,git-l427-c57.result.json,9,10,10,10,13,17,9,9,736,5223,8114,139,30,103
git,git-l427-c67.result.json,7,9,10,9,11,17,6,6,496,3910,6129,99,32,54
git,git-l427-c90.result.json,5,5,10,8,9,17,4,5,456,4225,6756,338,32,97
git,git-l427-c98.result.json,7,9,10,8,10,17,8,8,576,4311,6694,165,64,96
git,git-l431-c10.result.json,5,5,10,8,9,17,4,5,456,4225,6756,355,76,93
git,git-l431-c18.result.json,7,9,10,8,10,17,8,8,576,4311,6694,141,45,91
git,git-l431-c26.result.json,10,11,10,9,13,17,7,9,876,5861,8908,212,55,151
git,git-l431-c37.result.json,10,10,10,9,13,17,3,4,1156,6996,10015,383,28,222
git,git-l431-c43.result.json,7,9,10,8,10,17,8,8,576,4311,6694,138,55,79
git,git-l431-c46.result.json,9,10,10,10,13,17,9,9,736,5223,8114,167,36,125
git,git-l431-c56.result.json,7,9,10,9,11,17,6,6,496,3910,6129,98,25,61
git,git-l431-c70.result.json,10,11,10,9,13,17,7,9,876,5861,8908,331,58,267
git,git-l435-c109.result.json,7,8,10,9,13,17,6,7,416,3509,5672,290,27,130
git,git-l435-c120.result.json,10,10,10,9,13,17,3,4,706,4836,7225,396,28,189
git,git-l435-c126.result.json,7,9,10,9,14,17,6,6,436,3627,5800,222,27,73
git,git-l435-c129.result.json,9,10,10,10,13,17,9,9,496,4071,6626,139,33,100
git,git-l435-c96.result.json,9,10,10,9,13,17,6,8,546,4274,6855,158,34,119
git,git-l439-c121.result.json,8,10,10,9,13,17,3,3,1408,8770,12596,196,31,148
git,git-l439-c125.result.json,0,0,10,4,4,17,1,1,256,2689,4404,22,20,0
git,git-l439-c133.result.json,6,8,10,8,10,17,7,7,640,4749,7327,96,42,50
git,git-l439-c14.result.json,6,8,10,8,10,17,7,7,640,4749,7327,150,39,107
git,git-l439-c142.result.json,0,0,10,4,4,17,1,1,256,2689,4404,21,20,0
git,git-l439-c149.result.json,0,0,10,4,4,17,1,1,256,2689,4404,20,18,0
git,git-l439-c18.result.json,9,10,10,9,15,17,3,4,2510,15403,23588,261,64,195
git,git-l439-c30.result.json,0,0,10,4,4,17,1,1,256,2689,4404,24,22,0
git,git-l439-c32.result.json,8,9,10,9,13,17,6,8,960,6570,10007,149,47,95
git,git-l439-c40.result.json,0,0,10,4,4,17,1,1,256,2689,4404,20,19,0
git,git-l439-c62.result.json,8,10,10,9,13,17,3,3,1408,8770,12596,196,33,147
git,git-l439-c66.result.json,0,0,10,4,4,17,1,1,256,2689,4404,20,19,0
git,git-l439-c74.result.json,6,8,10,8,10,17,7,7,640,4749,7327,91,38,49
git,git-l439-c80.result.json,0,0,10,4,4,17,1,1,256,2689,4404,24,23,0
git,git-l439-c82.result.json,8,9,10,9,13,17,6,8,960,6570,10007,208,103,99
git,git-l439-c90.result.json,0,0,10,4,4,17,1,1,256,2689,4404,23,22,0
git,git-l443-c18.result.json,6,9,10,8,10,17,7,7,768,5529,8444,107,34,70
git,git-l443-c22.result.json,2,2,10,8,10,17,3,3,288,2837,4617,26,20,4
git,git-l443-c24.result.json,10,11,10,9,14,17,7,9,1248,8217,12318,228,78,145
git,git-l443-c7.result.json,6,9,10,8,10,17,7,7,768,5529,8444,128,39,85
git,git-l447-c22.result.json,6,9,10,8,10,17,7,7,768,5529,8444,144,44,93
git,git-l447-c26.result.json,2,2,10,8,10,17,3,3,288,2840,4629,33,24,6
git,git-l447-c28.result.json,10,11,10,9,14,17,7,9,1248,8217,12318,239,70,163
git,git-l447-c39.result.json,8,10,10,9,14,17,3,3,1696,10486,15022,344,37,304
git,git-l447-c62.result.json,9,10,10,9,14,17,7,9,1024,7005,10658,193,66,120
git,git-l447-c9.result.json,6,9,10,8,10,17,7,7,768,5529,8444,130,41,82
git,git-l451-c16.result.json,7,10,10,8,10,17,7,7,736,5444,8473,155,39,112
git,git-l451-c6.result.json,7,10,10,8,10,17,7,7,736,5444,8473,140,40,95
git,git-l455-c20.result.json,6,9,10,8,10,17,6,6,640,4911,7716,113,33,76
git,git-l455-c8.result.json,6,9,10,8,10,17,6,6,640,4911,7716,113,33,76
git,git-l459-c16.result.json,6,9,10,8,10,17,6,6,640,4900,7612,160,80,75
git,git-l459-c6.result.json,6,9,10,8,10,17,6,6,640,4900,7612,161,44,109
git,git-l47-c3.result.json,5,7,10,8,9,17,4,4,424,3810,6113,73,29,42
git,git-l47-c8.result.json,6,8,10,8,10,17,6,6,568,4157,6513,129,47,78
git,git-l507-c104.result.json,1,2,10,4,4,17,1,1,256,2689,4404,83,28,48
git,git-l507-c127.result.json,1,2,10,4,4,17,1,1,256,2689,4404,89,29,51
git,git-l507-c137.result.json,1,3,10,4,4,17,1,1,256,2689,4404,83,31,38
git,git-l507-c60.result.json,1,2,10,4,4,17,1,1,256,2689,4404,86,27,48
git,git-l507-c71.result.json,1,1,10,4,4,17,1,1,256,2689,4404,228,29,51
git,git-l507-c77.result.json,1,2,10,4,4,17,1,1,256,2689,4404,78,29,45
git,git-l507-c80.result.json,1,2,10,4,4,17,1,1,256,2689,4404,90,29,51
git,git-l51-c15.result.json,7,9,10,9,12,17,7,7,448,3656,5884,173,76,91
git,git-l511-c30.result.json,10,11,10,9,13,17,7,9,1124,6853,10272,288,75,205
git,git-l511-c41.result.json,10,10,10,9,13,17,3,4,1516,8436,11995,408,35,231
git,git-l511-c47.result.json,7,9,10,8,10,17,8,8,704,4823,7398,142,56,82
git,git-l519-c18.result.json,6,9,10,7,8,17,5,5,832,5721,8764,123,35,84
git,git-l519-c22.result.json,2,2,10,8,10,17,3,3,292,2849,4637,30,23,5
git,git-l519-c31.result.json,7,10,10,8,10,17,3,3,1552,9371,13649,243,41,183
git,git-l519-c34.result.json,10,11,10,9,12,17,9,9,1372,8449,12507,1533,1324,180
git,git-l519-c7.result.json,6,9,10,7,8,17,5,5,832,5721,8764,121,36,81
git,git-l523-c22.result.json,6,9,10,8,10,17,6,6,832,5721,8764,135,40,91
git,git-l523-c26.result.json,2,2,10,5,6,17,1,1,292,2852,4649,26,19,5
git,git-l523-c42.result.json,2,2,10,5,6,17,1,1,292,2852,4649,26,20,4
git,git-l523-c9.result.json,6,9,10,8,10,17,6,6,832,5721,8764,118,37,76
git,git-l527-c16.result.json,7,10,10,8,10,17,7,7,736,5444,8473,148,45,99
git,git-l527-c6.result.json,7,10,10,8,10,17,7,7,736,5444,8473,141,43,94
git,git-l531-c18.result.json,6,9,10,8,10,17,6,6,640,4911,7716,113,32,76
git,git-l531-c7.result.json,6,9,10,8,10,17,6,6,640,4911,7716,116,36,76
git,git-l535-c20.result.json,6,9,10,8,10,17,6,6,640,4911,7716,115,34,77
git,git-l535-c8.result.json,6,9,10,8,10,17,6,6,640,4911,7716,114,34,76
git,git-l539-c16.result.json,6,9,10,8,10,17,6,6,640,4900,7612,115,35,75
git,git-l539-c6.result.json,6,9,10,8,10,17,6,6,640,4900,7612,112,33,74
git,git-l55-c21.result.json,10,11,10,10,15,17,9,9,1826,12359,20974,350,166,172
git,git-l55-c6.result.json,8,10,10,9,12,17,5,5,1876,10934,16048,599,56,301
git,git-l558-c13.result.json,2,2,10,10,15,17,5,5,296,3014,4881,229,31,86
git,git-l558-c32.result.json,8,10,10,10,15,17,5,5,2056,12774,18134,617,44,268
git,git-l558-c40.result.json,7,9,10,10,16,17,9,9,896,6105,9094,1996,1913,77
git,git-l558-c54.result.json,9,10,10,10,15,17,8,9,1216,7817,11354,221,70,145
git,git-l558-c64.result.json,9,10,10,10,15,17,7,7,936,6349,9401,135,29,93
git,git-l558-c7.result.json,7,9,10,10,15,17,4,4,1696,10253,14361,253,37,213
git,git-l562-c18.result.json,7,8,10,9,13,17,6,7,576,4701,7144,149,41,101
git,git-l562-c29.result.json,9,9,10,9,13,17,3,3,976,6896,9755,234,31,201
git,git-l562-c32.result.json,7,8,10,9,13,17,7,7,576,4879,7310,116,32,75
git,git-l562-c43.result.json,9,9,10,9,13,17,3,3,976,6896,9755,234,30,202
git,git-l562-c46.result.json,0,0,10,4,4,17,1,1,256,2689,4404,23,20,0
git,git-l562-c57.result.json,0,0,10,4,4,17,1,1,256,2689,4404,28,26,0
git,git-l566-c11.result.json,5,7,10,8,10,17,4,4,424,3751,6007,137,36,98
git,git-l566-c16.result.json,7,9,10,8,10,17,7,7,640,4568,7117,178,64,108
git,git-l566-c6.result.json,10,10,10,10,17,17,5,6,1970,12835,20259,511,75,299
git,git-l570-c53.result.json,8,9,10,10,15,17,7,8,960,6518,9743,271,68,194
git,git-l570-c64.result.json,0,0,10,4,4,17,1,1,256,2689,4404,31,29,0
git,git-l570-c67.result.json,8,9,10,10,15,17,7,7,960,6753,10002,206,42,153
git,git-l570-c78.result.json,1,1,10,4,4,17,1,1,256,2689,4404,236,37,60
git,git-l574-c103.result.json,1,1,10,4,4,17,1,1,530,5458,9198,554,34,258
git,git-l574-c111.result.json,1,2,10,4,4,17,1,1,530,5458,9198,234,30,199
git,git-l574-c124.result.json,1,1,10,4,4,17,1,1,530,5458,9198,606,35,231
git,git-l574-c78.result.json,0,0,10,4,4,17,1,1,530,5458,9198,31,29,0
git,git-l574-c84.result.json,1,1,10,4,4,17,1,1,530,5458,9198,477,30,254
git,git-l578-c119.result.json,9,10,10,10,16,17,8,9,2162,14134,22271,20967,20141,816
git,git-l578-c129.result.json,9,10,10,10,16,17,7,7,1686,11620,18517,1253,865,372
git,git-l578-c184.result.json,9,10,10,10,16,17,5,5,3590,22519,35043,1412,104,1112
git,git-l578-c21.result.json,9,10,10,10,16,17,5,5,3590,22519,35043,1234,100,947
git,git-l578-c29.result.json,6,9,10,10,16,17,8,8,1618,11208,17919,11899,11559,335
git,git-l578-c93.result.json,5,8,10,10,16,17,5,5,2434,17079,27964,1221,119,896
git,git-l58-c23.result.json,10,10,10,9,13,17,3,3,256,2758,4523,219,25,192
git,git-l582-c6.result.json,7,10,10,8,10,17,7,7,976,6566,9993,146,50,92
git,git-l586-c16.result.json,6,9,10,8,10,17,6,6,640,4900,7612,102,33,65
git,git-l586-c6.result.json,6,9,10,8,10,17,6,6,640,4900,7612,102,32,66
git,git-l59-c52.result.json,0,0,10,4,4,17,1,1,256,2689,4404,21,20,0
git,git-l611-c23.result.json,8,10,10,9,13,17,3,3,1336,7994,11196,260,32,226
git,git-l611-c29.result.json,2,2,10,8,9,17,4,4,280,2888,4691,198,22,67
git,git-l611-c50.result.json,10,11,10,9,13,17,7,9,1000,6481,9652,192,60,127
git,git-l611-c60.result.json,8,9,10,10,13,17,7,7,568,4309,6649,91,23,56
git,git-l615-c37.result.json,0,0,10,4,4,17,1,1,256,2689,4404,20,19,0
git,git-l615-c43.result.json,2,2,10,10,13,17,5,5,292,2952,4781,196,21,64
git,git-l615-c64.result.json,10,11,10,10,15,17,8,10,1372,8219,12008,212,76,131
git,git-l615-c74.result.json,9,10,10,10,13,17,7,7,868,5737,8551,171,31,127
git,git-l619-c18.result.json,6,9,10,8,10,17,7,7,768,5529,8444,108,36,69
git,git-l619-c22.result.json,2,2,10,8,10,17,3,3,288,2837,4617,25,19,4
git,git-l619-c7.result.json,6,9,10,8,10,17,7,7,768,5529,8444,109,34,71
git,git-l63-c22.result.json,7,7,10,9,12,17,4,4,886,5946,9056,376,31,132
git,git-l63-c24.result.json,10,11,10,10,15,17,9,9,1610,11387,19570,267,93,163
git,git-l63-c29.result.json,8,8,10,9,13,17,6,6,1170,9128,15685,145,56,79
git,git-l63-c41.result.json,8,10,10,9,14,17,4,4,2330,13595,20951,465,60,212
git,git-l63-c43.result.json,10,11,10,10,15,17,9,9,1610,11387,19570,302,138,155
git,git-l67-c23.result.json,10,11,10,10,15,17,9,9,1610,11387,19570,276,119,145
git,git-l67-c33.result.json,10,11,10,9,11,17,7,8,1186,6989,10238,227,94,128
git,git-l71-c22.result.json,8,10,10,9,14,17,4,4,2330,13595,20951,245,52,191
git,git-l71-c27.result.json,2,2,10,7,8,17,3,3,286,3019,5148,253,25,116
git,git-l71-c29.result.json,10,11,10,10,15,17,8,10,1186,7135,10762,229,92,131
git,git-l71-c36.result.json,10,11,10,10,13,17,8,8,1186,7087,10575,188,53,130
git,git-l87-c16.result.json,10,10,10,9,13,17,3,4,526,3878,6021,213,25,186
git,git-l87-c29.result.json,10,11,10,9,13,17,7,9,442,3723,6174,233,59,167
git,git-l91-c9.result.json,11,12,10,10,15,17,10,11,530,6547,12534,958,826,127
git,git-l95-c25.result.json,4,6,10,4,8,17,3,5,346,4019,7334,245,32,71
git,git-l95-c27.result.json,8,9,10,7,11,17,5,7,388,3478,5839,155,49,100
icd,icd-l113-c37.result.json,11,11,20,15,21,10,10,12,774,6428,10080,912,94,785
icd,icd-l113-c8.result.json,11,11,20,15,21,10,10,12,774,6428,10080,467,57,401
icd,icd-l117-c20.result.json,11,11,20,15,21,10,10,12,774,5328,8210,401,52,343
icd,icd-l117-c7.result.json,11,11,20,15,21,10,10,12,774,5328,8210,333,40,287
icd,icd-l124-c39.result.json,11,11,20,15,21,10,10,12,774,6428,10080,374,49,319
icd,icd-l124-c58.result.json,10,10,20,15,20,10,8,9,654,5490,8568,339,40,294
icd,icd-l125-c23.result.json,10,10,20,15,19,10,8,8,384,3330,5328,328,24,277
icd,icd-l125-c8.result.json,11,11,20,15,21,10,10,12,444,3788,6120,371,36,329
icd,icd-l126-c21.result.json,10,10,20,15,19,10,8,8,384,3330,5328,305,24,256
icd,icd-l126-c23.result.json,11,11,20,15,21,10,10,12,444,3788,6120,396,47,342
icd,icd-l126-c35.result.json,9,9,20,13,17,10,7,7,246,3022,5150,178,23,150
icd,icd-l126-c39.result.json,9,9,20,13,19,10,7,8,210,2692,4505,139,20,113
icd,icd-l13-c34.result.json,10,10,20,15,19,10,8,8,114,2146,3692,260,20,236
icd,icd-l16-c26.result.json,10,10,20,15,19,10,8,8,114,2146,3692,244,22,217
icd,icd-l19-c32.result.json,10,10,20,16,21,10,9,9,114,2160,3716,264,16,243
icd,icd-l25-c12.result.json,10,10,20,15,19,10,8,8,114,2146,3692,265,19,241
icd,icd-l26-c31.result.json,10,10,20,15,19,10,8,8,114,2146,3692,288,28,254
icd,icd-l27-c35.result.json,10,10,20,15,19,10,8,8,114,2146,3692,257,17,234
icd,icd-l38-c25.result.json,11,11,20,15,21,10,10,12,444,3788,6120,353,32,315
icd,icd-l4-c39.result.json,10,10,20,15,19,10,8,8,114,2145,3690,262,15,242
icd,icd-l41-c21.result.json,11,11,20,15,21,10,10,12,774,5328,8210,364,37,321
icd,icd-l41-c46.result.json,11,11,20,15,21,10,10,12,774,5328,8210,342,36,299
icd,icd-l41-c7.result.json,11,11,20,15,21,10,10,12,774,5328,8210,319,42,271
icd,icd-l42-c8.result.json,11,11,20,15,21,10,10,12,774,5328,8210,345,38,302
icd,icd-l43-c18.result.json,10,10,20,15,19,10,8,8,654,4590,7038,252,31,204
icd,icd-l43-c20.result.json,11,11,20,15,21,10,10,12,774,5328,8210,326,37,282
icd,icd-l43-c36.result.json,9,9,20,13,19,10,7,8,306,3140,5113,121,16,100
icd,icd-l44-c4.result.json,11,11,20,15,21,10,10,12,774,5328,8210,327,32,290
icd,icd-l47-c29.result.json,10,10,20,16,21,10,10,11,1464,9662,14490,320,53,262
icd,icd-l47-c40.result.json,10,11,20,16,23,10,10,12,1464,9488,14130,296,48,242
icd,icd-l48-c17.result.json,10,11,20,16,23,10,10,13,1464,9488,14130,299,57,238
icd,icd-l48-c27.result.json,7,10,20,16,22,10,10,11,1464,10242,15119,309,40,250
icd,icd-l48-c5.result.json,10,11,20,16,23,10,10,13,1464,9488,14130,282,41,236
icd,icd-l49-c18.result.json,10,11,20,16,23,10,10,13,1464,9488,14130,311,60,244
icd,icd-l49-c5.result.json,10,11,20,16,23,10,10,12,1464,9488,14130,294,45,244
icd,icd-l50-c22.result.json,10,11,20,16,23,10,10,13,1464,9488,14130,273,43,226
icd,icd-l50-c5.result.json,10,11,20,16,23,10,10,13,1464,9488,14130,279,43,231
icd,icd-l51-c27.result.json,10,11,20,16,23,10,10,13,1464,9488,14130,274,42,227
icd,icd-l51-c5.result.json,10,11,20,16,22,10,10,13,1464,9488,14130,297,44,248
icd,icd-l52-c25.result.json,10,11,20,16,23,10,10,13,1464,9488,14130,300,41,254
icd,icd-l52-c5.result.json,10,11,20,16,23,10,10,13,1464,9488,14130,318,41,272
icd,icd-l53-c20.result.json,10,10,20,15,20,10,8,9,1464,9342,13824,254,34,201
icd,icd-l53-c5.result.json,10,11,20,16,23,10,10,13,1464,9488,14130,315,60,248
icd,icd-l54-c17.result.json,9,9,20,16,21,10,8,9,774,5998,9368,181,27,150
icd,icd-l54-c25.result.json,10,10,20,16,22,10,10,11,1464,9662,14490,371,57,310
icd,icd-l54-c5.result.json,10,11,20,16,23,10,10,12,1464,9488,14130,331,47,279
icd,icd-l57-c29.result.json,10,10,20,16,22,10,10,11,1464,9662,14490,301,49,248
icd,icd-l57-c40.result.json,10,11,20,16,23,10,10,13,1464,9488,14130,398,69,323
icd,icd-l57-c62.result.json,10,11,20,16,23,10,10,13,1464,9488,14130,290,42,242
icd,icd-l58-c8.result.json,11,11,20,15,21,10,10,12,1434,9508,14260,304,42,257
icd,icd-l59-c5.result.json,11,11,20,15,21,10,10,12,1434,9508,14260,332,54,273
icd,icd-l6-c38.result.json,10,10,20,15,19,10,8,8,114,2146,3692,298,22,271
icd,icd-l60-c5.result.json,11,11,20,15,21,10,10,12,1434,9508,14260,368,47,315
icd,icd-l61-c27.result.json,11,11,20,15,21,10,10,12,1434,9508,14260,355,39,309
icd,icd-l61-c5.result.json,11,11,20,15,21,10,10,12,1434,9508,14260,370,45,318
icd,icd-l62-c25.result.json,11,11,20,15,21,10,10,12,1434,9508,14260,378,56,317
icd,icd-l62-c5.result.json,11,11,20,15,21,10,10,12,1434,9508,14260,316,40,272
icd,icd-l63-c20.result.json,10,10,20,15,20,10,8,9,1194,8010,11988,309,49,241
icd,icd-l63-c5.result.json,11,11,20,15,21,10,10,12,1434,9508,14260,380,42,334
icd,icd-l64-c17.result.json,9,9,20,14,20,10,7,8,642,5310,8406,143,26,113
icd,icd-l64-c25.result.json,11,11,20,15,21,10,10,12,1434,9508,14260,322,45,272
icd,icd-l64-c33.result.json,7,7,20,15,20,10,9,10,474,4230,6730,103,28,70
icd,icd-l64-c5.result.json,11,11,20,15,21,10,10,12,1434,9508,14260,340,37,298
icd,icd-l67-c37.result.json,10,10,20,15,21,10,10,12,1464,9662,14490,295,40,250
icd,icd-l67-c48.result.json,11,11,20,15,21,10,10,12,1464,9488,14130,280,40,234
icd,icd-l68-c17.result.json,11,11,20,15,21,10,10,12,1464,9488,14130,255,38,212
icd,icd-l68-c27.result.json,7,10,20,15,22,10,10,11,1464,9976,14725,282,45,218
icd,icd-l68-c5.result.json,11,11,20,15,21,10,10,12,1464,9488,14130,290,49,236
icd,icd-l69-c18.result.json,11,11,20,15,21,10,10,12,1464,9488,14130,268,52,213
icd,icd-l69-c5.result.json,11,11,20,15,21,10,10,12,1464,9488,14130,276,36,235
icd,icd-l70-c22.result.json,11,11,20,15,21,10,10,12,1464,9488,14130,256,41,210
icd,icd-l70-c5.result.json,11,11,20,15,21,10,10,12,1464,9488,14130,280,40,236
icd,icd-l71-c27.result.json,11,11,20,15,21,10,10,12,1464,9488,14130,255,37,214
icd,icd-l71-c5.result.json,11,11,20,15,21,10,10,12,1464,9488,14130,315,53,255
icd,icd-l72-c25.result.json,11,11,20,15,21,10,10,12,1464,9488,14130,332,61,265
icd,icd-l72-c5.result.json,11,11,20,15,21,10,10,12,1464,9488,14130,393,55,331
icd,icd-l73-c20.result.json,10,10,20,16,22,10,9,10,1464,9342,13824,299,36,236
icd,icd-l73-c5.result.json,11,11,20,15,21,10,10,12,1464,9488,14130,263,38,220
icd,icd-l74-c17.result.json,9,9,20,16,22,10,9,10,774,5998,9368,129,22,102
icd,icd-l74-c25.result.json,10,10,20,15,21,10,10,12,1464,9662,14490,347,50,292
icd,icd-l74-c5.result.json,11,11,20,15,21,10,10,12,1464,9488,14130,359,62,292
icd,icd-l77-c38.result.json,10,10,20,15,21,10,10,12,1464,9662,14490,292,41,247
icd,icd-l77-c49.result.json,11,11,20,15,21,10,10,12,1464,9488,14130,276,38,233
icd,icd-l78-c22.result.json,11,11,20,15,21,10,10,12,1464,9488,14130,253,36,211
icd,icd-l78-c4.result.json,11,11,20,15,21,10,10,12,1464,9488,14130,326,56,265
icd,icd-l78-c47.result.json,11,11,20,15,21,10,10,12,1464,9488,14130,332,39,287
icd,icd-l79-c8.result.json,11,11,20,15,21,10,10,12,1434,9508,14260,299,36,258
icd,icd-l80-c18.result.json,11,11,20,15,21,10,10,12,1434,9508,14260,324,38,282
icd,icd-l80-c5.result.json,11,11,20,15,21,10,10,12,1434,9508,14260,400,50,343
icd,icd-l81-c22.result.json,11,11,20,15,21,10,10,12,1434,9508,14260,374,37,331
icd,icd-l81-c5.result.json,11,11,20,15,21,10,10,12,1434,9508,14260,300,38,258
icd,icd-l82-c27.result.json,11,11,20,15,21,10,10,12,1434,9508,14260,323,38,281
icd,icd-l82-c35.result.json,7,7,20,15,20,10,9,10,474,4230,6730,97,20,73
icd,icd-l82-c5.result.json,11,11,20,15,21,10,10,12,1434,9508,14260,327,38,285
icd,icd-l83-c25.result.json,11,11,20,15,21,10,10,12,1434,9508,14260,325,60,261
icd,icd-l83-c5.result.json,11,11,20,15,21,10,10,12,1434,9508,14260,366,52,307
icd,icd-l84-c20.result.json,10,10,20,15,20,10,8,9,1194,8010,11988,295,33,231
icd,icd-l84-c5.result.json,11,11,20,15,21,10,10,12,1434,9508,14260,298,38,256
icd,icd-l85-c17.result.json,9,9,20,14,20,10,7,8,642,5310,8406,146,22,120
icd,icd-l85-c25.result.json,11,11,20,15,21,10,10,12,1434,9508,14260,297,37,255
icd,icd-l85-c33.result.json,7,7,20,15,20,10,9,10,474,4230,6730,119,24,72
icd,icd-l85-c5.result.json,11,11,20,15,21,10,10,12,1434,9508,14260,362,39,318
icd,icd-l88-c18.result.json,11,11,20,15,21,10,10,12,1434,9508,14260,410,55,349
icd,icd-l88-c5.result.json,11,11,20,15,21,10,10,12,1434,9508,14260,404,45,338
icd,icd-l89-c27.result.json,11,11,20,15,21,10,10,12,1434,9508,14260,302,37,261
icd,icd-l89-c5.result.json,11,11,20,15,21,10,10,12,1434,9508,14260,336,50,282
icd,icd-l90-c22.result.json,11,11,20,15,21,10,10,12,1434,9508,14260,335,49,280
icd,icd-l90-c5.result.json,11,11,20,15,21,10,10,12,1434,9508,14260,390,58,328
icd,icd-l91-c25.result.json,11,11,20,15,21,10,10,12,1434,9508,14260,411,47,358
icd,icd-l91-c5.result.json,11,11,20,15,21,10,10,12,1434,9508,14260,326,41,262
icd,icd-l92-c5.result.json,11,11,20,15,21,10,10,12,1434,9508,14260,333,36,291
java_meta_model,java_meta_model-l101-c5.result.json,0,0,26,12,18,21,0,0,322,6595,11605,364,199,0
java_meta_model,java_meta_model-l108-c15.result.json,10,10,26,24,39,21,18,25,862,9340,15614,2119,67,2035
java_meta_model,java_meta_model-l108-c28.result.json,12,12,26,22,35,21,15,16,1114,10428,16950,1614,56,1550
java_meta_model,java_meta_model-l109-c32.result.json,10,10,26,23,34,21,16,19,1222,10890,17668,1025,51,866
java_meta_model,java_meta_model-l109-c34.result.json,0,0,26,12,18,21,0,0,322,6595,11605,39,36,0
java_meta_model,java_meta_model-l109-c46.result.json,7,7,26,22,36,21,13,16,742,8919,15035,486,47,433
java_meta_model,java_meta_model-l109-c54.result.json,0,0,26,12,18,21,0,0,322,6595,11605,43,40,0
java_meta_model,java_meta_model-l12-c44.result.json,10,10,26,23,34,21,16,19,322,6704,11806,902,41,857
java_meta_model,java_meta_model-l131-c66.result.json,12,12,26,22,35,21,15,16,1202,11997,19209,1317,64,1248
java_meta_model,java_meta_model-l131-c75.result.json,12,12,26,22,35,21,13,14,1202,11997,19209,1328,69,1254
java_meta_model,java_meta_model-l135-c19.result.json,10,10,26,23,38,21,16,20,502,7709,13076,1055,54,897
java_meta_model,java_meta_model-l135-c21.result.json,8,8,26,22,35,21,12,13,434,7266,12513,683,41,636
java_meta_model,java_meta_model-l139-c26.result.json,8,8,26,22,35,21,14,15,546,8274,13913,705,42,659
java_meta_model,java_meta_model-l139-c39.result.json,12,12,26,22,35,21,15,16,850,10440,16839,1565,46,1515
java_meta_model,java_meta_model-l139-c47.result.json,12,12,26,22,35,21,13,14,850,10440,16839,1559,47,1507
java_meta_model,java_meta_model-l144-c44.result.json,NO SCENARIO,
java_meta_model,java_meta_model-l144-c52.result.json,NO SCENARIO,
java_meta_model,java_meta_model-l144-c63.result.json,7,10,26,23,38,21,13,19,1222,12274,20035,1048,56,894
java_meta_model,java_meta_model-l144-c69.result.json,10,10,26,23,37,21,16,21,1222,11982,19579,1047,65,979
java_meta_model,java_meta_model-l144-c71.result.json,12,12,26,22,36,21,13,15,1642,14484,23301,1476,53,1418
java_meta_model,java_meta_model-l150-c11.result.json,0,0,26,12,18,21,0,0,322,6595,11605,39,37,0
java_meta_model,java_meta_model-l150-c23.result.json,10,10,26,23,36,21,16,20,682,8448,14555,1531,43,1483
java_meta_model,java_meta_model-l151-c114.result.json,0,0,26,12,18,21,0,0,322,6595,11605,36,35,0
java_meta_model,java_meta_model-l151-c117.result.json,0,0,26,12,18,21,0,0,322,6595,11605,39,37,0
java_meta_model,java_meta_model-l151-c133.result.json,0,0,26,12,18,21,0,0,322,6595,11605,38,36,0
java_meta_model,java_meta_model-l151-c35.result.json,0,0,26,12,18,21,0,0,322,6595,11605,38,36,0
java_meta_model,java_meta_model-l151-c50.result.json,0,0,26,12,18,21,0,0,322,6595,11605,40,38,0
java_meta_model,java_meta_model-l151-c67.result.json,1,1,26,12,18,21,0,0,322,6595,11605,287,57,123
java_meta_model,java_meta_model-l151-c70.result.json,1,1,26,12,18,21,0,0,322,6595,11605,325,37,282
java_meta_model,java_meta_model-l151-c78.result.json,1,1,26,12,18,21,0,0,322,6595,11605,314,35,272
java_meta_model,java_meta_model-l151-c86.result.json,1,1,26,12,18,21,0,0,322,6595,11605,342,32,304
java_meta_model,java_meta_model-l154-c10.result.json,10,10,26,23,36,21,16,20,682,8448,14555,1450,43,1402
java_meta_model,java_meta_model-l155-c34.result.json,0,0,26,12,18,21,0,0,322,6595,11605,38,36,0
java_meta_model,java_meta_model-l155-c50.result.json,4,6,26,21,33,21,10,14,742,9510,16054,478,49,329
java_meta_model,java_meta_model-l155-c53.result.json,12,12,26,23,36,21,14,17,2170,16869,26843,1847,58,1783
java_meta_model,java_meta_model-l155-c61.result.json,10,10,26,23,36,21,15,18,1582,13672,22142,1492,51,1435
java_meta_model,java_meta_model-l155-c69.result.json,12,12,26,23,36,21,15,18,2170,16869,26843,1868,59,1804
java_meta_model,java_meta_model-l16-c35.result.json,10,10,26,23,34,21,16,19,322,6704,11806,918,42,873
java_meta_model,java_meta_model-l162-c10.result.json,10,10,26,23,36,21,16,20,682,8448,14555,1449,43,1401
java_meta_model,java_meta_model-l163-c101.result.json,1,1,26,12,18,21,0,0,322,6595,11605,212,35,172
java_meta_model,java_meta_model-l163-c116.result.json,0,0,26,12,18,21,0,0,322,6595,11605,38,37,0
java_meta_model,java_meta_model-l163-c35.result.json,0,0,26,12,18,21,0,0,322,6595,11605,39,37,0
java_meta_model,java_meta_model-l163-c50.result.json,0,0,26,12,18,21,0,0,322,6595,11605,39,37,0
java_meta_model,java_meta_model-l163-c67.result.json,1,1,26,12,18,21,0,0,322,6595,11605,247,34,110
java_meta_model,java_meta_model-l163-c70.result.json,1,1,26,12,18,21,0,0,322,6595,11605,336,36,294
java_meta_model,java_meta_model-l163-c78.result.json,1,1,26,12,18,21,0,0,322,6595,11605,296,33,257
java_meta_model,java_meta_model-l163-c86.result.json,1,1,26,12,18,21,0,0,322,6595,11605,317,35,276
java_meta_model,java_meta_model-l163-c98.result.json,1,1,26,12,18,21,0,0,322,6595,11605,251,34,109
java_meta_model,java_meta_model-l168-c7.result.json,10,10,26,23,36,21,16,20,682,8448,14555,1387,74,1309
java_meta_model,java_meta_model-l169-c101.result.json,3,5,26,22,35,21,15,16,642,8963,15443,390,45,220
java_meta_model,java_meta_model-l169-c104.result.json,8,8,26,22,35,21,15,16,1218,11382,18344,733,46,683
java_meta_model,java_meta_model-l169-c117.result.json,NO SCENARIO,
java_meta_model,java_meta_model-l169-c36.result.json,0,0,26,12,18,21,0,0,322,6595,11605,40,39,0
java_meta_model,java_meta_model-l169-c50.result.json,0,0,26,12,18,21,0,0,322,6595,11605,38,37,0
java_meta_model,java_meta_model-l169-c66.result.json,4,5,26,22,38,21,13,17,642,8630,14452,321,39,182
java_meta_model,java_meta_model-l169-c69.result.json,13,13,26,23,39,21,14,18,2434,17745,27497,1916,64,1847
java_meta_model,java_meta_model-l169-c77.result.json,10,10,26,23,39,21,15,20,1762,14296,22628,1501,59,1436
java_meta_model,java_meta_model-l169-c89.result.json,NO SCENARIO,
java_meta_model,java_meta_model-l176-c10.result.json,10,10,26,23,36,21,16,20,682,8448,14555,1374,43,1327
java_meta_model,java_meta_model-l177-c115.result.json,0,0,26,12,18,21,0,0,322,6595,11605,40,38,0
java_meta_model,java_meta_model-l177-c118.result.json,0,0,26,12,18,21,0,0,322,6595,11605,38,36,0
java_meta_model,java_meta_model-l177-c133.result.json,0,0,26,12,18,21,0,0,322,6595,11605,34,33,0
java_meta_model,java_meta_model-l177-c35.result.json,0,0,26,12,18,21,0,0,322,6595,11605,35,34,0
java_meta_model,java_meta_model-l177-c49.result.json,0,0,26,12,18,21,0,0,322,6595,11605,36,35,0
java_meta_model,java_meta_model-l177-c64.result.json,4,5,26,23,38,21,14,17,642,8630,14452,369,42,221
java_meta_model,java_meta_model-l177-c67.result.json,12,12,26,23,39,21,15,19,2434,17745,27497,1880,66,1807
java_meta_model,java_meta_model-l177-c75.result.json,10,10,26,23,39,21,15,20,1762,14296,22628,1502,54,1441
java_meta_model,java_meta_model-l177-c87.result.json,NO SCENARIO,
java_meta_model,java_meta_model-l18-c28.result.json,10,10,26,23,34,21,16,19,322,6704,11806,886,40,844
java_meta_model,java_meta_model-l180-c11.result.json,10,10,26,23,36,21,16,20,682,8448,14555,1628,45,1579
java_meta_model,java_meta_model-l181-c115.result.json,0,0,26,12,18,21,0,0,322,6595,11605,37,36,0
java_meta_model,java_meta_model-l181-c118.result.json,0,0,26,12,18,21,0,0,322,6595,11605,35,34,0
java_meta_model,java_meta_model-l181-c133.result.json,0,0,26,12,18,21,0,0,322,6595,11605,37,35,0
java_meta_model,java_meta_model-l181-c35.result.json,0,0,26,12,18,21,0,0,322,6595,11605,37,35,0
java_meta_model,java_meta_model-l181-c49.result.json,0,0,26,12,18,21,0,0,322,6595,11605,35,33,0
java_meta_model,java_meta_model-l181-c64.result.json,4,5,26,22,38,21,15,18,642,8630,14452,328,41,184
java_meta_model,java_meta_model-l181-c67.result.json,12,12,26,23,39,21,15,19,2434,17745,27497,1697,61,1630
java_meta_model,java_meta_model-l181-c75.result.json,10,10,26,23,39,21,15,20,1762,14296,22628,1646,58,1582
java_meta_model,java_meta_model-l181-c87.result.json,NO SCENARIO,
java_meta_model,java_meta_model-l184-c12.result.json,0,0,26,12,18,21,0,0,322,6595,11605,38,37,0
java_meta_model,java_meta_model-l185-c115.result.json,0,0,26,12,18,21,0,0,322,6595,11605,37,36,0
java_meta_model,java_meta_model-l185-c118.result.json,0,0,26,12,18,21,0,0,322,6595,11605,36,35,0
java_meta_model,java_meta_model-l185-c133.result.json,0,0,26,12,18,21,0,0,322,6595,11605,36,34,0
java_meta_model,java_meta_model-l185-c35.result.json,0,0,26,12,18,21,0,0,322,6595,11605,35,34,0
java_meta_model,java_meta_model-l185-c49.result.json,0,0,26,12,18,21,0,0,322,6595,11605,36,34,0
java_meta_model,java_meta_model-l185-c64.result.json,4,5,26,23,38,21,15,18,642,8630,14452,403,49,218
java_meta_model,java_meta_model-l185-c67.result.json,12,12,26,23,39,21,14,18,2434,17745,27497,1878,66,1805
java_meta_model,java_meta_model-l185-c75.result.json,10,10,26,23,39,21,15,20,1762,14296,22628,1491,111,1375
java_meta_model,java_meta_model-l185-c87.result.json,NO SCENARIO,
java_meta_model,java_meta_model-l189-c37.result.json,9,10,26,23,38,21,17,22,862,9529,15734,1173,57,996
java_meta_model,java_meta_model-l189-c39.result.json,12,12,26,22,35,21,13,14,1114,10524,17097,1492,48,1440
java_meta_model,java_meta_model-l193-c28.result.json,12,12,26,22,38,21,13,17,1642,14412,23133,1789,60,1724
java_meta_model,java_meta_model-l193-c51.result.json,0,0,26,12,18,21,0,0,322,6595,11605,37,35,0
java_meta_model,java_meta_model-l193-c60.result.json,0,0,26,12,18,21,0,0,322,6595,11605,35,33,0
java_meta_model,java_meta_model-l193-c69.result.json,0,0,26,12,18,21,0,0,322,6595,11605,35,34,0
java_meta_model,java_meta_model-l193-c81.result.json,0,0,26,12,18,21,0,0,322,6595,11605,37,35,0
java_meta_model,java_meta_model-l197-c38.result.json,10,10,26,23,34,21,15,17,862,9439,15500,976,41,832
java_meta_model,java_meta_model-l197-c40.result.json,12,12,26,22,35,21,13,14,1114,10452,16929,1544,56,1483
java_meta_model,java_meta_model-l20-c18.result.json,10,10,26,23,34,21,16,19,322,6704,11806,1026,46,978
java_meta_model,java_meta_model-l201-c11.result.json,10,10,26,23,34,21,16,19,322,6704,11806,994,44,850
java_meta_model,java_meta_model-l201-c11.result.json,10,10,26,23,34,21,15,18,322,6704,11806,1801,82,1564
java_meta_model,java_meta_model-l201-c18.result.json,12,12,26,23,36,21,14,18,322,6845,12209,1904,55,1836
java_meta_model,java_meta_model-l206-c17.result.json,12,12,26,23,36,21,14,17,850,9233,15665,1813,62,1743
java_meta_model,java_meta_model-l209-c17.result.json,12,12,26,23,36,21,13,17,850,9233,15665,1780,51,1723
java_meta_model,java_meta_model-l209-c32.result.json,12,12,26,23,36,21,14,17,850,9233,15665,1726,57,1664
java_meta_model,java_meta_model-l209-c43.result.json,10,10,26,23,34,21,14,16,682,9087,15511,1048,53,890
java_meta_model,java_meta_model-l212-c11.result.json,10,10,26,23,34,21,16,19,322,6704,11806,986,44,843
java_meta_model,java_meta_model-l212-c17.result.json,13,13,26,22,35,21,15,16,322,6823,12063,1586,39,1543
java_meta_model,java_meta_model-l215-c35.result.json,12,12,26,22,35,21,15,16,1114,10428,16950,1457,48,1405
java_meta_model,java_meta_model-l216-c36.result.json,12,12,26,23,36,21,15,18,1378,11597,19076,1753,69,1678
java_meta_model,java_meta_model-l218-c11.result.json,1,1,26,12,18,21,0,0,322,6595,11605,153,37,17
java_meta_model,java_meta_model-l218-c17.result.json,NO SCENARIO,
java_meta_model,java_meta_model-l221-c32.result.json,12,12,26,22,36,21,13,18,1378,13193,21869,1826,64,1756
java_meta_model,java_meta_model-l221-c39.result.json,12,12,26,23,36,21,13,17,1378,13193,21869,1817,62,1750
java_meta_model,java_meta_model-l227-c27.result.json,NO SCENARIO,
java_meta_model,java_meta_model-l227-c36.result.json,NO SCENARIO,
java_meta_model,java_meta_model-l227-c45.result.json,NO SCENARIO,
java_meta_model,java_meta_model-l227-c52.result.json,8,10,26,23,37,21,16,23,1042,11886,19922,982,49,832
java_meta_model,java_meta_model-l227-c55.result.json,NO SCENARIO,
java_meta_model,java_meta_model-l227-c63.result.json,10,10,26,23,37,21,16,21,1042,11090,18520,863,49,811
java_meta_model,java_meta_model-l237-c6.result.json,NO SCENARIO,
java_meta_model,java_meta_model-l242-c34.result.json,12,12,26,22,35,21,13,14,1114,10428,16950,1392,49,1339
java_meta_model,java_meta_model-l245-c29.result.json,12,12,26,23,36,21,13,17,1378,13193,21869,1704,57,1641
java_meta_model,java_meta_model-l245-c36.result.json,12,12,26,23,36,21,15,18,1378,13193,21869,1778,59,1713
java_meta_model,java_meta_model-l245-c46.result.json,12,12,26,23,36,21,13,16,1378,13193,21869,1909,64,1839
java_meta_model,java_meta_model-l245-c63.result.json,12,12,26,23,36,21,13,17,1378,13193,21869,1740,53,1679
java_meta_model,java_meta_model-l245-c79.result.json,12,12,26,23,36,21,15,19,1378,13193,21869,1694,59,1629
java_meta_model,java_meta_model-l245-c83.result.json,7,10,26,21,33,21,9,12,1042,11902,20242,993,51,811
java_meta_model,java_meta_model-l245-c85.result.json,12,12,26,23,36,21,15,18,1378,13193,21869,1685,55,1624
java_meta_model,java_meta_model-l245-c90.result.json,10,10,26,23,34,21,15,17,1042,11018,18352,1118,46,1068
java_meta_model,java_meta_model-l249-c20.result.json,12,12,26,23,36,21,14,17,850,9233,15665,1696,51,1640
java_meta_model,java_meta_model-l249-c40.result.json,12,12,26,23,36,21,15,18,850,9233,15665,1663,48,1610
java_meta_model,java_meta_model-l249-c55.result.json,12,12,26,23,36,21,14,18,850,9233,15665,1932,51,1876
java_meta_model,java_meta_model-l253-c28.result.json,12,12,26,23,36,21,15,19,3490,23217,36236,2004,70,1928
java_meta_model,java_meta_model-l253-c35.result.json,12,12,26,23,36,21,15,18,3490,23217,36236,2175,83,2085
java_meta_model,java_meta_model-l253-c44.result.json,12,12,26,23,36,21,14,17,3490,23217,36236,1951,69,1876
java_meta_model,java_meta_model-l253-c60.result.json,12,12,26,23,36,21,13,16,3490,23217,36236,1950,67,1877
java_meta_model,java_meta_model-l253-c77.result.json,12,12,26,23,36,21,15,18,3490,23217,36236,2183,72,2105
java_meta_model,java_meta_model-l253-c81.result.json,6,10,26,20,31,21,8,10,2482,18689,29668,1243,55,1088
java_meta_model,java_meta_model-l253-c83.result.json,12,12,26,23,36,21,15,18,3490,23217,36236,1918,70,1842
java_meta_model,java_meta_model-l253-c88.result.json,10,10,26,23,34,21,16,18,2482,17850,28141,1115,83,1030
java_meta_model,java_meta_model-l256-c28.result.json,12,12,26,23,36,21,15,18,2434,17409,27656,1881,63,1811
java_meta_model,java_meta_model-l256-c35.result.json,12,12,26,23,36,21,15,18,2434,17409,27656,1916,75,1835
java_meta_model,java_meta_model-l256-c45.result.json,12,12,26,23,36,21,16,19,2434,17409,27656,1867,71,1790
java_meta_model,java_meta_model-l256-c60.result.json,12,12,26,23,36,21,14,17,2434,17409,27656,1926,74,1846
java_meta_model,java_meta_model-l256-c77.result.json,12,12,26,23,36,21,15,18,2434,17409,27656,1915,63,1846
java_meta_model,java_meta_model-l256-c81.result.json,7,10,26,20,31,21,8,10,1762,14751,23996,1185,57,1014
java_meta_model,java_meta_model-l256-c83.result.json,12,12,26,23,36,21,14,17,2434,17409,27656,1846,74,1765
java_meta_model,java_meta_model-l256-c88.result.json,10,10,26,23,34,21,16,18,1762,13890,22291,1109,59,1047
java_meta_model,java_meta_model-l260-c102.result.json,12,12,26,23,36,21,14,18,9826,43289,71105,2011,77,1928
java_meta_model,java_meta_model-l260-c106.result.json,6,10,26,20,31,21,8,10,6802,32365,53413,2248,108,1970
java_meta_model,java_meta_model-l260-c108.result.json,12,12,26,23,36,21,15,18,9826,43289,71105,2286,109,2162
java_meta_model,java_meta_model-l260-c113.result.json,10,10,26,23,34,21,16,19,6802,31538,51922,1119,66,1048
java_meta_model,java_meta_model-l260-c28.result.json,12,12,26,23,36,21,15,18,9826,43289,71105,2113,106,2000
java_meta_model,java_meta_model-l260-c35.result.json,12,12,26,23,36,21,15,19,9826,43289,71105,2063,89,1966
java_meta_model,java_meta_model-l260-c45.result.json,12,12,26,23,36,21,13,17,9826,43289,71105,2043,103,1933
java_meta_model,java_meta_model-l260-c62.result.json,12,12,26,23,36,21,14,17,9826,43289,71105,2053,87,1959
java_meta_model,java_meta_model-l260-c79.result.json,12,12,26,23,36,21,14,17,9826,43289,71105,2066,83,1976
java_meta_model,java_meta_model-l260-c90.result.json,12,12,26,23,36,21,15,18,9826,43289,71105,2100,94,1998
java_meta_model,java_meta_model-l264-c29.result.json,1,1,26,12,18,21,0,0,322,6595,11605,349,34,209
java_meta_model,java_meta_model-l264-c35.result.json,1,1,26,12,18,21,0,0,322,6595,11605,362,31,218
java_meta_model,java_meta_model-l264-c38.result.json,1,1,26,12,18,21,0,0,322,6595,11605,290,33,252
java_meta_model,java_meta_model-l264-c56.result.json,1,1,26,12,18,21,0,0,322,6595,11605,332,32,185
java_meta_model,java_meta_model-l264-c59.result.json,1,1,26,12,18,21,0,0,322,6595,11605,282,39,239
java_meta_model,java_meta_model-l264-c76.result.json,1,1,26,12,18,21,0,0,322,6595,11605,365,38,218
java_meta_model,java_meta_model-l264-c79.result.json,1,1,26,12,18,21,0,0,322,6595,11605,202,32,165
java_meta_model,java_meta_model-l264-c95.result.json,1,1,26,12,18,21,0,0,322,6595,11605,344,34,204
java_meta_model,java_meta_model-l264-c98.result.json,1,1,26,12,18,21,0,0,322,6595,11605,276,34,237
java_meta_model,java_meta_model-l268-c27.result.json,NO SCENARIO,
java_meta_model,java_meta_model-l268-c35.result.json,NO SCENARIO,
java_meta_model,java_meta_model-l268-c44.result.json,NO SCENARIO,
java_meta_model,java_meta_model-l268-c51.result.json,8,10,26,23,37,21,14,20,1042,11886,19922,1090,50,936
java_meta_model,java_meta_model-l268-c54.result.json,NO SCENARIO,
java_meta_model,java_meta_model-l268-c62.result.json,10,10,26,23,37,21,16,21,1042,11090,18520,915,48,856
java_meta_model,java_meta_model-l273-c18.result.json,12,12,26,23,36,21,14,17,1906,13973,22508,1831,62,1756
java_meta_model,java_meta_model-l273-c38.result.json,12,12,26,23,36,21,15,18,1906,13973,22508,1758,71,1674
java_meta_model,java_meta_model-l273-c53.result.json,12,12,26,23,36,21,16,19,1906,13973,22508,1951,73,1865
java_meta_model,java_meta_model-l273-c58.result.json,10,10,26,23,34,21,16,19,1402,11546,18781,1048,75,862
java_meta_model,java_meta_model-l273-c81.result.json,12,12,26,23,36,21,13,16,1906,13973,22508,1884,73,1797
java_meta_model,java_meta_model-l273-c83.result.json,0,0,26,12,18,21,0,0,322,6595,11605,41,33,0
java_meta_model,java_meta_model-l273-c95.result.json,12,12,26,23,36,21,13,16,1906,13973,22508,1726,67,1647
java_meta_model,java_meta_model-l273-c97.result.json,6,6,26,23,36,21,14,17,682,8262,13983,375,55,302
java_meta_model,java_meta_model-l278-c32.result.json,9,10,26,23,38,21,15,19,682,9455,15546,1023,46,857
java_meta_model,java_meta_model-l278-c35.result.json,12,12,26,22,35,21,13,14,850,10440,16839,1459,44,1404
java_meta_model,java_meta_model-l281-c24.result.json,12,12,26,23,36,21,15,18,1378,11609,19097,1917,53,1851
java_meta_model,java_meta_model-l281-c39.result.json,12,12,26,23,36,21,13,17,1378,11609,19097,1800,62,1724
java_meta_model,java_meta_model-l281-c4.result.json,12,12,26,23,36,21,15,18,1378,11609,19097,1824,55,1754
java_meta_model,java_meta_model-l286-c2.result.json,12,12,26,23,36,21,15,18,1378,11609,19097,1751,56,1682
java_meta_model,java_meta_model-l286-c29.result.json,12,12,26,23,36,21,15,19,1378,11609,19097,1724,57,1655
java_meta_model,java_meta_model-l286-c34.result.json,10,10,26,23,34,21,15,17,1042,9938,16462,1014,45,858
java_meta_model,java_meta_model-l286-c7.result.json,10,10,26,23,34,21,15,17,1042,9938,16462,1107,49,948
java_meta_model,java_meta_model-l290-c18.result.json,12,12,26,23,36,21,13,16,1906,13973,22508,1825,70,1739
java_meta_model,java_meta_model-l290-c38.result.json,12,12,26,23,36,21,14,17,1906,13973,22508,1714,69,1631
java_meta_model,java_meta_model-l290-c53.result.json,12,12,26,23,36,21,13,16,1906,13973,22508,1733,72,1648
java_meta_model,java_meta_model-l290-c58.result.json,10,10,26,23,34,21,15,18,1402,11546,18781,999,49,836
java_meta_model,java_meta_model-l290-c81.result.json,12,12,26,23,36,21,15,18,1906,13973,22508,1728,67,1647
java_meta_model,java_meta_model-l290-c83.result.json,0,0,26,12,18,21,0,0,322,6595,11605,41,33,0
java_meta_model,java_meta_model-l290-c95.result.json,12,12,26,23,36,21,13,16,1906,13973,22508,1932,72,1848
java_meta_model,java_meta_model-l290-c97.result.json,6,6,26,23,36,21,15,18,682,8262,13983,367,53,300
java_meta_model,java_meta_model-l297-c27.result.json,10,10,26,23,36,21,15,18,1402,11700,19193,1408,46,1352
java_meta_model,java_meta_model-l297-c35.result.json,12,12,26,22,36,21,13,17,1906,13973,22508,2549,88,2412
java_meta_model,java_meta_model-l298-c41.result.json,10,10,26,24,39,21,18,23,1402,11700,19193,1583,65,1495
java_meta_model,java_meta_model-l298-c55.result.json,13,13,26,23,36,21,15,18,1906,13973,22508,1827,74,1733
java_meta_model,java_meta_model-l305-c4.result.json,7,7,26,18,31,21,7,10,658,8519,14573,444,43,389
java_meta_model,java_meta_model-l310-c6.result.json,5,6,26,18,30,21,7,8,434,7452,12981,298,40,243
java_meta_model,java_meta_model-l348-c19.result.json,12,12,26,23,36,21,15,19,850,9233,15665,1778,56,1709
java_meta_model,java_meta_model-l348-c37.result.json,12,12,26,23,36,21,15,19,850,9233,15665,1788,49,1725
java_meta_model,java_meta_model-l348-c58.result.json,12,12,26,23,36,21,14,18,850,9233,15665,1760,54,1692
java_meta_model,java_meta_model-l348-c79.result.json,12,12,26,23,36,21,14,17,850,9233,15665,1834,69,1750
java_meta_model,java_meta_model-l353-c37.result.json,12,12,26,23,36,21,15,19,1378,11597,19076,1739,74,1642
java_meta_model,java_meta_model-l354-c35.result.json,12,12,26,22,35,21,13,14,1114,10428,16950,1485,47,1425
java_meta_model,java_meta_model-l355-c35.result.json,NO SCENARIO,
java_meta_model,java_meta_model-l359-c33.result.json,12,12,26,22,35,21,15,16,850,10440,16839,1504,57,1430
java_meta_model,java_meta_model-l359-c46.result.json,12,12,26,22,35,21,15,16,850,10440,16839,1529,50,1465
java_meta_model,java_meta_model-l359-c60.result.json,12,12,26,22,35,21,13,14,850,10440,16839,1473,53,1406
java_meta_model,java_meta_model-l359-c68.result.json,12,12,26,22,35,21,13,14,850,10440,16839,1512,47,1451
java_meta_model,java_meta_model-l45-c25.result.json,10,10,26,23,34,21,16,20,322,6704,11806,893,43,835
java_meta_model,java_meta_model-l49-c38.result.json,10,10,26,23,34,21,16,19,322,6704,11806,895,42,839
java_meta_model,java_meta_model-l52-c29.result.json,10,10,26,23,34,21,16,19,322,6704,11806,955,48,891
java_meta_model,java_meta_model-l58-c40.result.json,10,10,26,23,34,21,16,19,322,6704,11806,917,42,862
java_meta_model,java_meta_model-l67-c28.result.json,10,10,26,23,34,21,16,19,322,6704,11806,864,42,810
java_meta_model,java_meta_model-l73-c39.result.json,10,10,26,23,34,21,16,20,322,6704,11806,861,43,808
java_meta_model,java_meta_model-l8-c38.result.json,10,10,26,23,34,21,16,19,322,6704,11806,882,41,831
java_meta_model,java_meta_model-l80-c49.result.json,10,10,26,23,36,21,16,20,1042,10080,16853,1496,56,1424
java_meta_model,java_meta_model-l80-c56.result.json,12,12,26,23,36,21,15,18,1378,11597,19076,1699,47,1638
java_meta_model,java_meta_model-l82-c48.result.json,12,12,26,23,36,21,14,17,1378,11597,19076,1647,48,1582
java_meta_model,java_meta_model-l82-c61.result.json,7,7,26,23,36,21,14,18,658,8161,13846,487,68,402
java_meta_model,java_meta_model-l82-c69.result.json,12,12,26,23,36,21,14,17,1378,11597,19076,1658,50,1594
java_meta_model,java_meta_model-l89-c15.result.json,10,10,26,24,39,21,18,24,862,9340,15614,1585,50,1517
java_meta_model,java_meta_model-l89-c27.result.json,NO SCENARIO,
java_meta_model,java_meta_model-l90-c34.result.json,10,10,26,23,36,21,15,19,1222,10818,17500,999,46,835
java_meta_model,java_meta_model-l90-c36.result.json,0,0,26,12,18,21,0,0,322,6595,11605,41,33,0
java_meta_model,java_meta_model-l90-c49.result.json,4,4,26,21,33,21,10,14,442,7251,12529,198,44,141
java_meta_model,java_meta_model-l90-c57.result.json,0,0,26,12,18,21,0,0,322,6595,11605,43,35,0
java_meta_model,java_meta_model-l93-c59.result.json,12,12,26,23,36,21,16,20,1378,11597,19076,1701,83,1607
java_meta_model,java_meta_model-l93-c72.result.json,7,7,26,23,36,21,15,18,658,8161,13846,432,45,373
java_meta_model,java_meta_model-l93-c86.result.json,12,12,26,23,36,21,16,19,1378,11597,19076,1732,54,1666
java_meta_model,java_meta_model-l97-c5.result.json,0,0,26,12,18,21,0,0,322,6595,11605,52,34,0
modelo-alloy,modelo-alloy-l109-c23.result.json,10,10,40,19,24,27,12,15,588,9553,21005,1925,93,1806
modelo-alloy,modelo-alloy-l113-c22.result.json,10,10,40,19,24,27,12,15,588,9553,21005,1177,60,1099
modelo-alloy,modelo-alloy-l128-c24.result.json,10,10,40,17,22,27,13,16,1308,12827,25815,1581,454,1098
modelo-alloy,modelo-alloy-l128-c37.result.json,2,3,40,13,20,27,7,13,636,9980,22082,991,136,461
modelo-alloy,modelo-alloy-l128-c39.result.json,10,10,40,18,22,27,13,16,1308,12827,25815,1597,518,1052
modelo-alloy,modelo-alloy-l137-c26.result.json,8,9,40,17,24,27,11,17,1164,14011,28227,1346,50,915
modelo-alloy,modelo-alloy-l137-c29.result.json,10,10,40,14,22,27,10,16,1308,13907,27705,1455,404,1025
modelo-alloy,modelo-alloy-l137-c51.result.json,8,9,40,17,24,27,11,17,1164,14011,28227,1352,50,920
modelo-alloy,modelo-alloy-l137-c54.result.json,10,10,40,13,22,27,10,16,1308,13907,27705,1489,389,1073
modelo-alloy,modelo-alloy-l143-c27.result.json,3,3,40,16,23,27,12,15,612,9685,21107,521,86,187
modelo-alloy,modelo-alloy-l143-c29.result.json,6,6,40,21,30,27,16,19,708,10235,22061,919,315,585
modelo-alloy,modelo-alloy-l143-c39.result.json,10,10,40,16,22,27,13,16,948,11243,23517,1114,93,995
modelo-alloy,modelo-alloy-l15-c18.result.json,10,10,40,19,24,27,12,15,588,9553,21005,1013,44,960
modelo-alloy,modelo-alloy-l151-c38.result.json,6,6,40,19,30,27,16,19,828,10751,22799,1709,1092,598
modelo-alloy,modelo-alloy-l159-c20.result.json,4,4,40,14,20,27,10,13,612,9630,21110,563,105,439
modelo-alloy,modelo-alloy-l164-c16.result.json,2,2,40,3,3,27,1,1,588,9458,20834,48,34,0
modelo-alloy,modelo-alloy-l170-c25.result.json,6,6,40,20,30,27,16,19,708,10235,22061,1880,1216,651
modelo-alloy,modelo-alloy-l170-c39.result.json,4,5,40,14,20,27,10,13,620,9685,21213,374,100,256
modelo-alloy,modelo-alloy-l170-c63.result.json,2,2,40,3,3,27,1,1,588,9458,20834,39,29,0
modelo-alloy,modelo-alloy-l178-c16.result.json,0,0,40,3,3,27,1,1,588,9458,20834,43,30,0
modelo-alloy,modelo-alloy-l178-c34.result.json,0,0,40,3,3,27,1,1,588,9458,20834,39,30,0
modelo-alloy,modelo-alloy-l178-c7.result.json,2,2,40,14,20,27,10,13,604,9565,21007,377,90,277
modelo-alloy,modelo-alloy-l187-c16.result.json,0,0,40,3,3,27,1,1,588,9458,20834,54,36,0
modelo-alloy,modelo-alloy-l187-c25.result.json,2,3,40,14,21,27,10,14,620,9709,21237,215,79,118
modelo-alloy,modelo-alloy-l187-c7.result.json,2,2,40,14,21,27,10,14,620,9709,21237,401,94,295
modelo-alloy,modelo-alloy-l19-c16.result.json,10,10,40,19,24,27,12,15,588,9553,21005,1069,51,1007
modelo-alloy,modelo-alloy-l199-c47.result.json,4,4,40,18,28,27,14,17,684,10251,21929,740,70,428
modelo-alloy,modelo-alloy-l199-c50.result.json,6,6,40,19,30,27,16,19,828,10859,22988,1036,477,541
modelo-alloy,modelo-alloy-l2-c87.result.json,10,10,40,20,28,27,12,15,588,9564,21024,991,56,919
modelo-alloy,modelo-alloy-l208-c21.result.json,10,10,40,16,22,27,13,16,948,11207,23475,1608,565,1021
modelo-alloy,modelo-alloy-l219-c26.result.json,8,9,40,17,24,27,11,17,1164,14011,28227,1264,53,846
modelo-alloy,modelo-alloy-l219-c29.result.json,10,10,40,15,22,27,10,16,1308,13907,27705,1610,542,1043
modelo-alloy,modelo-alloy-l227-c15.result.json,10,10,40,19,27,27,12,17,2028,17071,32231,1380,68,1035
modelo-alloy,modelo-alloy-l227-c18.result.json,10,10,40,15,22,27,10,16,2028,17147,32385,1635,585,1026
modelo-alloy,modelo-alloy-l227-c7.result.json,10,10,40,13,22,27,10,16,2028,17147,32385,1659,647,986
modelo-alloy,modelo-alloy-l240-c32.result.json,10,10,40,21,26,27,13,16,1668,14659,28505,1004,52,937
modelo-alloy,modelo-alloy-l240-c34.result.json,0,0,40,3,3,27,1,1,588,9458,20834,95,87,0
modelo-alloy,modelo-alloy-l251-c46.result.json,6,6,40,19,30,27,16,19,708,10235,22061,1284,578,690
modelo-alloy,modelo-alloy-l261-c14.result.json,0,0,40,3,3,27,1,1,588,9458,20834,42,32,0
modelo-alloy,modelo-alloy-l263-c11.result.json,0,0,40,3,3,27,1,1,588,9458,20834,37,30,0
modelo-alloy,modelo-alloy-l263-c29.result.json,0,0,40,3,3,27,1,1,588,9458,20834,39,32,0
modelo-alloy,modelo-alloy-l264-c7.result.json,0,0,40,3,3,27,1,1,588,9458,20834,40,33,0
modelo-alloy,modelo-alloy-l277-c53.result.json,0,0,40,3,3,27,1,1,588,9458,20834,38,32,0
modelo-alloy,modelo-alloy-l277-c55.result.json,0,0,40,3,3,27,1,1,588,9458,20834,36,30,0
modelo-alloy,modelo-alloy-l277-c67.result.json,0,0,40,3,3,27,1,1,588,9458,20834,38,31,0
modelo-alloy,modelo-alloy-l292-c30.result.json,6,6,40,21,30,27,16,19,708,10235,22061,1123,540,570
modelo-alloy,modelo-alloy-l292-c39.result.json,10,10,40,16,26,27,14,20,948,11243,23517,1570,604,939
modelo-alloy,modelo-alloy-l300-c22.result.json,1,1,40,3,3,27,1,1,588,9458,20834,528,44,181
modelo-alloy,modelo-alloy-l300-c25.result.json,1,1,40,3,3,27,1,1,588,9458,20834,240,45,177
modelo-alloy,modelo-alloy-l300-c47.result.json,1,1,40,3,3,27,1,1,588,9458,20834,495,37,165
modelo-alloy,modelo-alloy-l300-c50.result.json,1,1,40,3,3,27,1,1,588,9458,20834,219,43,159
modelo-alloy,modelo-alloy-l301-c17.result.json,1,2,40,3,3,27,1,1,588,9458,20834,230,67,146
modelo-alloy,modelo-alloy-l301-c32.result.json,1,1,40,3,3,27,1,1,588,9458,20834,214,34,165
modelo-alloy,modelo-alloy-l301-c42.result.json,1,2,40,3,3,27,1,1,588,9458,20834,191,33,146
modelo-alloy,modelo-alloy-l301-c7.result.json,1,1,40,3,3,27,1,1,588,9458,20834,225,35,175
modelo-alloy,modelo-alloy-l314-c21.result.json,0,0,40,3,3,27,1,1,588,9458,20834,39,31,0
modelo-alloy,modelo-alloy-l314-c45.result.json,0,0,40,3,3,27,1,1,588,9458,20834,40,32,0
modelo-alloy,modelo-alloy-l314-c75.result.json,0,0,40,3,3,27,1,1,588,9458,20834,43,34,0
modelo-alloy,modelo-alloy-l324-c41.result.json,10,10,40,16,22,27,13,16,1308,13907,27705,2739,1622,1089
modelo-alloy,modelo-alloy-l324-c52.result.json,10,10,40,16,22,27,13,16,1308,13907,27705,2472,1371,1070
modelo-alloy,modelo-alloy-l332-c21.result.json,1,1,40,3,3,27,1,1,588,9458,20834,222,34,172
modelo-alloy,modelo-alloy-l332-c34.result.json,1,1,40,3,3,27,1,1,588,9458,20834,214,34,155
modelo-alloy,modelo-alloy-l343-c23.result.json,10,10,40,16,22,27,13,16,948,11207,23475,1843,761,1059
modelo-alloy,modelo-alloy-l353-c26.result.json,6,6,40,20,30,27,16,19,708,10235,22061,1296,648,632
modelo-alloy,modelo-alloy-l353-c35.result.json,10,10,40,16,26,27,14,20,948,11243,23517,1264,202,1035
modelo-alloy,modelo-alloy-l363-c24.result.json,1,1,40,3,3,27,1,1,588,9458,20834,279,40,223
modelo-alloy,modelo-alloy-l363-c40.result.json,1,1,40,3,3,27,1,1,588,9458,20834,240,38,186
modelo-alloy,modelo-alloy-l363-c55.result.json,1,1,40,3,3,27,1,1,588,9458,20834,238,42,179
modelo-alloy,modelo-alloy-l363-c8.result.json,1,1,40,3,3,27,1,1,588,9458,20834,235,39,179
modelo-alloy,modelo-alloy-l371-c18.result.json,10,10,40,16,22,27,13,16,948,11207,23475,1972,754,1189
modelo-alloy,modelo-alloy-l382-c34.result.json,1,1,40,3,3,27,1,1,588,9458,20834,215,35,164
modelo-alloy,modelo-alloy-l382-c47.result.json,1,1,40,3,3,27,1,1,588,9458,20834,197,32,152
modelo-alloy,modelo-alloy-l398-c44.result.json,6,6,40,21,30,27,16,19,708,10235,22061,1231,661,557
modelo-alloy,modelo-alloy-l399-c47.result.json,6,6,40,21,30,27,16,19,708,10235,22061,1287,698,573
modelo-alloy,modelo-alloy-l404-c46.result.json,4,4,40,18,28,27,14,17,684,10251,21929,763,87,421
modelo-alloy,modelo-alloy-l404-c49.result.json,6,6,40,20,30,27,16,19,828,10859,22988,1384,718,650
modelo-alloy,modelo-alloy-l416-c18.result.json,10,10,40,16,26,27,14,20,948,11243,23517,1207,238,943
modelo-alloy,modelo-alloy-l416-c9.result.json,6,6,40,19,30,27,16,19,708,10235,22061,1392,712,664
modelo-alloy,modelo-alloy-l428-c22.result.json,10,10,40,19,27,27,13,19,1308,13526,27000,1411,53,1073
modelo-alloy,modelo-alloy-l428-c24.result.json,0,0,40,3,3,27,1,1,588,9458,20834,43,35,0
modelo-alloy,modelo-alloy-l428-c41.result.json,0,0,40,3,3,27,1,1,588,9458,20834,38,30,0
modelo-alloy,modelo-alloy-l428-c43.result.json,10,10,40,17,22,27,13,16,1308,12827,25815,2025,969,1034
modelo-alloy,modelo-alloy-l435-c30.result.json,0,0,40,3,3,27,1,1,588,9458,20834,45,34,0
modelo-alloy,modelo-alloy-l435-c32.result.json,0,0,40,3,3,27,1,1,588,9458,20834,40,33,0
modelo-alloy,modelo-alloy-l435-c44.result.json,0,0,40,3,3,27,1,1,588,9458,20834,38,32,0
modelo-alloy,modelo-alloy-l443-c14.result.json,3,3,40,3,3,27,1,1,588,9461,20838,64,32,24
modelo-alloy,modelo-alloy-l444-c20.result.json,1,1,40,3,3,27,1,1,588,9458,20834,209,34,161
modelo-alloy,modelo-alloy-l452-c52.result.json,0,0,40,3,3,27,1,1,588,9458,20834,38,31,0
modelo-alloy,modelo-alloy-l452-c54.result.json,0,0,40,3,3,27,1,1,588,9458,20834,36,29,0
modelo-alloy,modelo-alloy-l452-c66.result.json,0,0,40,3,3,27,1,1,588,9458,20834,37,30,0
modelo-alloy,modelo-alloy-l463-c24.result.json,10,10,40,17,22,27,13,16,1308,12827,25815,2403,1426,955
modelo-alloy,modelo-alloy-l463-c37.result.json,2,3,40,12,20,27,7,13,636,9980,22082,985,111,497
modelo-alloy,modelo-alloy-l463-c39.result.json,10,10,40,17,22,27,13,16,1308,12827,25815,2106,889,1187
modelo-alloy,modelo-alloy-l470-c26.result.json,8,9,40,17,24,27,11,17,1164,14011,28227,1477,56,1041
modelo-alloy,modelo-alloy-l470-c29.result.json,10,10,40,14,22,27,10,16,1308,13907,27705,2073,862,1181
modelo-alloy,modelo-alloy-l470-c51.result.json,8,9,40,17,24,27,11,17,1164,14011,28227,1414,62,969
modelo-alloy,modelo-alloy-l470-c54.result.json,10,10,40,14,22,27,10,16,1308,13907,27705,2012,953,1027
modelo-alloy,modelo-alloy-l475-c30.result.json,6,6,40,20,30,27,16,19,708,10235,22061,808,179,614
modelo-alloy,modelo-alloy-l475-c39.result.json,10,10,40,16,26,27,14,20,948,11243,23517,1271,192,1055
modelo-alloy,modelo-alloy-l481-c23.result.json,10,10,40,16,22,27,13,16,948,11207,23475,2046,909,1111
modelo-alloy,modelo-alloy-l481-c23.result.json,10,10,40,16,22,27,13,16,948,11207,23475,2343,474,1831
modelo-alloy,modelo-alloy-l485-c20.result.json,10,10,40,18,22,27,13,16,948,11207,23475,1451,285,1127
modelo-alloy,modelo-alloy-l489-c18.result.json,10,10,40,16,22,27,13,16,948,11207,23475,1494,412,1056
modelo-alloy,modelo-alloy-l495-c27.result.json,6,6,40,19,30,27,16,19,708,10235,22061,808,182,610
modelo-alloy,modelo-alloy-l495-c45.result.json,0,0,40,3,3,27,1,1,588,9458,20834,44,34,0
modelo-alloy,modelo-alloy-l498-c27.result.json,6,6,40,19,30,27,16,19,708,10235,22061,927,290,625
modelo-alloy,modelo-alloy-l498-c45.result.json,0,0,40,3,3,27,1,1,588,9458,20834,43,33,0
modelo-alloy,modelo-alloy-l5-c74.result.json,10,10,40,19,24,27,12,15,588,9564,21024,1103,56,1033
modelo-alloy,modelo-alloy-l83-c23.result.json,10,10,40,19,24,27,12,15,588,9553,21005,1085,47,1027
modelo-alloy,modelo-alloy-l92-c18.result.json,10,10,40,19,24,27,12,15,588,9553,21005,1113,54,1048
