frankervrep,frankervrep-l103-c32.result.json,4,4,52,48,62,16,15,32,135,1224,2333,801,109,669
frankervrep,frankervrep-l107-c27.result.json,4,4,52,47,60,16,15,32,135,1224,2333,391,40,335
frankervrep,frankervrep-l109-c28.result.json,4,4,52,48,62,16,15,32,135,1224,2333,304,41,249
frankervrep,frankervrep-l113-c31.result.json,4,4,52,48,62,16,15,32,135,1224,2333,278,34,231
frankervrep,frankervrep-l117-c34.result.json,4,4,52,49,64,16,15,32,135,1224,2333,282,34,236
frankervrep,frankervrep-l12-c40.result.json,4,4,52,48,62,16,15,32,135,1224,2333,287,32,243
frankervrep,frankervrep-l122-c41.result.json,0,0,52,48,62,16,15,32,135,1223,2333,49,41,0
frankervrep,frankervrep-l125-c30.result.json,4,4,52,48,62,16,15,32,135,1224,2333,276,37,228
frankervrep,frankervrep-l13-c32.result.json,4,4,52,48,62,16,15,32,135,1224,2333,271,34,225
frankervrep,frankervrep-l130-c3.result.json,5,5,52,48,62,16,15,34,255,1883,3327,218,48,156
frankervrep,frankervrep-l136-c21.result.json,3,3,52,49,64,16,15,32,151,1390,2604,127,40,75
frankervrep,frankervrep-l14-c30.result.json,4,4,52,48,62,16,15,32,135,1224,2333,264,33,222
frankervrep,frankervrep-l141-c41.result.json,5,5,52,48,62,16,15,34,175,1320,2454,298,42,242
frankervrep,frankervrep-l146-c21.result.json,4,4,52,47,60,16,15,32,135,1224,2333,322,32,224
frankervrep,frankervrep-l146-c29.result.json,5,5,52,48,62,16,15,32,135,1227,2340,145,45,85
frankervrep,frankervrep-l15-c32.result.json,4,4,52,48,62,16,15,32,135,1224,2333,260,31,213
frankervrep,frankervrep-l151-c50.result.json,2,2,52,48,62,16,15,32,145,1297,2451,238,42,144
frankervrep,frankervrep-l151-c52.result.json,3,3,52,47,60,16,15,34,145,1290,2436,125,40,73
frankervrep,frankervrep-l157-c67.result.json,1,1,52,47,60,16,15,32,135,1223,2333,149,32,102
frankervrep,frankervrep-l157-c69.result.json,5,5,52,46,58,16,15,34,243,2107,3737,201,42,145
frankervrep,frankervrep-l16-c24.result.json,4,4,52,48,62,16,15,32,135,1224,2333,261,35,212
frankervrep,frankervrep-l162-c40.result.json,3,3,52,47,60,16,15,34,189,1417,2631,286,40,195
frankervrep,frankervrep-l162-c42.result.json,4,4,52,48,62,16,15,32,189,1389,2582,161,42,107
frankervrep,frankervrep-l170-c11.result.json,5,5,52,47,60,16,15,32,135,1231,2347,195,41,143
frankervrep,frankervrep-l171-c10.result.json,5,5,52,48,62,16,15,34,135,1231,2347,185,31,145
frankervrep,frankervrep-l172-c10.result.json,5,5,52,48,62,16,15,34,135,1231,2347,183,31,141
frankervrep,frankervrep-l173-c23.result.json,4,4,52,47,60,16,15,34,135,1224,2333,298,32,217
frankervrep,frankervrep-l173-c35.result.json,5,5,52,48,62,16,15,32,135,1259,2397,140,36,89
frankervrep,frankervrep-l174-c18.result.json,4,4,52,48,62,16,15,32,135,1224,2333,301,30,213
frankervrep,frankervrep-l174-c30.result.json,5,5,52,46,58,16,15,34,135,1259,2397,131,30,91
frankervrep,frankervrep-l175-c22.result.json,4,4,52,48,62,16,15,32,135,1224,2333,300,31,213
frankervrep,frankervrep-l175-c36.result.json,2,2,52,47,60,16,15,34,135,1223,2333,112,31,67
frankervrep,frankervrep-l176-c14.result.json,4,4,52,48,62,16,15,32,135,1224,2333,314,30,221
frankervrep,frankervrep-l176-c28.result.json,2,2,52,50,66,16,15,34,135,1223,2333,103,29,65
frankervrep,frankervrep-l178-c22.result.json,0,0,52,47,60,16,15,32,135,1223,2333,36,30,0
frankervrep,frankervrep-l178-c34.result.json,5,5,52,48,62,16,15,34,135,1259,2397,134,30,96
frankervrep,frankervrep-l179-c16.result.json,0,0,52,48,62,16,15,32,135,1223,2333,38,30,0
frankervrep,frankervrep-l179-c28.result.json,5,5,52,48,62,16,15,34,135,1259,2397,141,31,101
frankervrep,frankervrep-l180-c18.result.json,0,0,52,49,64,16,15,32,135,1223,2333,38,30,0
frankervrep,frankervrep-l180-c32.result.json,2,2,52,50,66,16,15,34,135,1223,2333,106,30,67
frankervrep,frankervrep-l184-c16.result.json,4,4,52,48,62,16,15,32,135,1224,2333,300,30,202
frankervrep,frankervrep-l184-c28.result.json,5,5,52,48,62,16,15,32,135,1259,2397,131,31,91
frankervrep,frankervrep-l185-c13.result.json,4,4,52,47,60,16,15,34,135,1224,2333,292,31,213
frankervrep,frankervrep-l185-c27.result.json,2,2,52,50,66,16,15,34,135,1223,2333,105,29,66
frankervrep,frankervrep-l189-c16.result.json,4,4,52,49,64,16,15,32,135,1224,2333,286,29,209
frankervrep,frankervrep-l189-c28.result.json,4,4,52,47,60,16,15,34,135,1224,2333,303,38,203
frankervrep,frankervrep-l189-c40.result.json,5,5,52,47,60,16,15,34,135,1259,2397,134,31,91
frankervrep,frankervrep-l19-c29.result.json,4,4,52,50,66,16,15,34,135,1224,2333,248,33,205
frankervrep,frankervrep-l193-c46.result.json,4,5,52,47,60,16,15,34,199,1813,3283,156,40,101
frankervrep,frankervrep-l193-c57.result.json,4,4,52,47,60,16,15,34,231,1956,3491,287,39,199
frankervrep,frankervrep-l193-c59.result.json,4,5,52,47,60,16,15,34,199,1813,3283,139,31,100
frankervrep,frankervrep-l20-c25.result.json,4,4,52,48,62,16,15,32,135,1224,2333,243,30,202
frankervrep,frankervrep-l208-c10.result.json,4,4,52,48,62,16,15,34,135,1227,2340,142,30,99
frankervrep,frankervrep-l209-c15.result.json,3,3,52,48,62,16,15,32,135,1246,2373,112,39,64
frankervrep,frankervrep-l21-c28.result.json,4,4,52,49,64,16,15,32,135,1224,2333,253,38,207
frankervrep,frankervrep-l211-c18.result.json,5,5,52,48,62,16,15,32,135,1232,2348,191,38,138
frankervrep,frankervrep-l215-c43.result.json,0,0,52,50,66,16,15,34,135,1223,2333,34,29,0
frankervrep,frankervrep-l216-c15.result.json,4,4,52,48,62,16,15,32,231,1764,3155,298,41,212
frankervrep,frankervrep-l216-c23.result.json,5,5,52,47,60,16,15,32,183,1587,2907,116,36,68
frankervrep,frankervrep-l217-c35.result.json,4,4,52,49,64,16,15,34,175,1491,2742,114,36,68
frankervrep,frankervrep-l22-c30.result.json,4,4,52,49,64,16,15,34,135,1224,2333,253,30,215
frankervrep,frankervrep-l221-c13.result.json,4,4,52,48,62,16,15,34,135,1227,2340,140,29,100
frankervrep,frankervrep-l222-c18.result.json,3,3,52,49,64,16,15,32,135,1246,2373,106,30,67
frankervrep,frankervrep-l228-c21.result.json,3,3,52,49,64,16,15,32,143,1306,2468,122,41,73
frankervrep,frankervrep-l228-c39.result.json,3,4,52,48,62,16,15,34,183,1590,2927,313,38,226
frankervrep,frankervrep-l228-c47.result.json,5,5,52,48,62,16,15,32,159,1407,2625,124,45,67
frankervrep,frankervrep-l234-c21.result.json,3,3,52,49,64,16,15,34,143,1306,2468,106,29,66
frankervrep,frankervrep-l234-c39.result.json,3,4,52,49,64,16,15,32,183,1590,2927,305,29,228
frankervrep,frankervrep-l234-c47.result.json,5,5,52,47,60,16,15,34,159,1407,2625,115,30,75
frankervrep,frankervrep-l4-c22.result.json,4,4,52,48,62,16,15,34,135,1224,2333,249,32,200
frankervrep,frankervrep-l49-c29.result.json,4,4,52,48,62,16,15,32,135,1224,2333,257,29,217
frankervrep,frankervrep-l5-c23.result.json,4,4,52,48,62,16,15,34,135,1224,2333,253,38,201
frankervrep,frankervrep-l71-c30.result.json,4,4,52,48,62,16,15,32,135,1224,2333,254,30,213
frankervrep,frankervrep-l72-c37.result.json,4,4,52,48,62,16,15,32,135,1224,2333,251,30,210
frankervrep,frankervrep-l73-c29.result.json,4,4,52,49,64,16,15,32,135,1224,2333,239,29,198
frankervrep,frankervrep-l74-c30.result.json,4,4,52,48,62,16,15,34,135,1224,2333,249,29,210
frankervrep,frankervrep-l75-c22.result.json,4,4,52,48,62,16,15,32,135,1224,2333,249,30,208
frankervrep,frankervrep-l76-c32.result.json,4,4,52,48,62,16,15,32,135,1224,2333,244,29,200
frankervrep,frankervrep-l8-c31.result.json,4,4,52,48,62,16,15,32,135,1224,2333,272,34,228
frankervrep,frankervrep-l80-c34.result.json,4,4,52,50,66,16,15,34,135,1224,2333,240,29,201
frankervrep,frankervrep-l84-c21.result.json,4,4,52,50,66,16,15,34,135,1224,2333,265,30,223
frankervrep,frankervrep-l85-c22.result.json,4,4,52,48,62,16,15,32,135,1224,2333,243,29,198
frankervrep,frankervrep-l88-c45.result.json,4,4,52,48,62,16,15,34,135,1224,2333,259,30,219
frankervrep,frankervrep-l89-c38.result.json,4,4,52,48,62,16,15,32,135,1224,2333,249,29,209
frankervrep,frankervrep-l9-c32.result.json,4,4,52,47,60,16,15,32,135,1224,2333,248,29,209
frankervrep,frankervrep-l90-c32.result.json,4,4,52,49,64,16,15,34,135,1224,2333,256,30,215
frankervrep,frankervrep-l91-c32.result.json,4,4,52,49,64,16,15,32,135,1224,2333,256,31,214
frankervrep,frankervrep-l92-c41.result.json,4,4,52,49,64,16,15,32,135,1224,2333,242,29,201
frankervrep,frankervrep-l94-c35.result.json,4,4,52,50,66,16,15,32,135,1224,2333,248,29,208
git,git-l10-c28.result.json,5,5,10,9,13,17,10,10,256,2821,4371,397,54,318
git,git-l105-c33.result.json,4,4,10,8,17,17,10,19,277,2962,4572,114,43,42
git,git-l105-c44.result.json,5,5,10,8,11,17,7,7,326,3213,4885,313,38,102
git,git-l105-c74.result.json,5,5,10,8,17,17,10,13,298,3044,4663,119,33,64
git,git-l105-c87.result.json,5,5,10,8,17,17,10,18,298,3044,4663,108,34,59
git,git-l109-c28.result.json,4,5,10,9,18,17,12,23,280,2971,4604,107,44,46
git,git-l109-c65.result.json,4,5,10,9,18,17,12,23,280,2971,4604,89,33,39
git,git-l109-c69.result.json,5,5,10,8,15,17,10,19,316,3283,5251,277,29,85
git,git-l109-c72.result.json,6,6,10,9,17,17,11,14,298,2996,4604,100,30,51
git,git-l113-c27.result.json,3,5,10,8,15,17,10,17,316,3218,4966,109,28,67
git,git-l113-c33.result.json,3,4,10,7,12,17,7,13,292,3574,6333,231,26,64
git,git-l113-c56.result.json,3,5,10,7,13,17,5,11,316,3218,4966,93,26,58
git,git-l113-c62.result.json,3,4,10,7,13,17,7,14,292,3574,6333,224,27,56
git,git-l118-c27.result.json,3,5,10,7,13,17,6,12,316,3218,4966,82,24,50
git,git-l118-c33.result.json,3,4,10,7,13,17,7,13,292,3574,6333,234,25,72
git,git-l118-c56.result.json,5,6,10,8,15,17,11,20,298,3107,4798,84,24,38
git,git-l122-c28.result.json,5,6,10,8,15,17,10,15,298,3107,4798,75,24,34
git,git-l122-c42.result.json,5,6,10,8,15,17,8,15,298,3107,4798,79,23,38
git,git-l122-c58.result.json,5,6,10,8,15,17,11,15,298,3107,4798,88,25,47
git,git-l122-c71.result.json,5,6,10,8,15,17,11,20,298,3107,4798,74,22,34
git,git-l126-c28.result.json,5,5,10,8,13,17,9,11,280,3005,4654,65,21,22
git,git-l126-c41.result.json,5,5,10,8,13,17,8,10,280,3005,4654,56,21,19
git,git-l136-c22.result.json,5,5,10,9,13,17,8,8,570,6027,9737,250,34,67
git,git-l136-c24.result.json,4,4,10,9,13,17,11,11,265,2868,4445,59,21,16
git,git-l141-c20.result.json,3,3,10,9,13,17,10,10,265,2893,4524,237,21,25
git,git-l141-c22.result.json,4,4,10,9,15,17,12,15,265,2868,4445,56,20,16
git,git-l150-c17.result.json,4,5,10,8,17,17,10,23,292,2963,4568,64,24,30
git,git-l150-c23.result.json,6,6,10,9,16,17,10,15,319,3078,4709,67,21,34
git,git-l150-c33.result.json,5,5,10,8,12,17,8,10,346,3191,4854,217,24,51
git,git-l150-c41.result.json,4,5,10,8,17,17,9,17,292,2963,4568,58,30,18
git,git-l154-c17.result.json,4,5,10,8,13,17,9,15,280,2911,4500,60,24,23
git,git-l154-c9.result.json,5,5,10,8,11,17,11,15,316,3065,4691,227,33,51
git,git-l158-c17.result.json,4,5,10,10,18,17,8,10,316,3179,4894,117,21,86
git,git-l158-c39.result.json,4,5,10,8,13,17,5,6,406,3756,5717,263,22,225
git,git-l158-c44.result.json,5,5,10,7,13,17,7,9,406,3963,6256,443,22,267
git,git-l158-c52.result.json,4,5,10,8,14,17,9,11,316,3179,4894,134,25,96
git,git-l158-c58.result.json,5,6,10,10,16,17,11,11,361,3466,5297,232,29,184
git,git-l158-c68.result.json,5,6,10,10,18,17,12,16,361,3466,5297,203,20,168
git,git-l168-c16.result.json,4,5,10,8,17,17,8,15,292,2975,4590,58,26,19
git,git-l168-c20.result.json,4,5,10,9,15,17,10,13,346,3278,5022,289,25,62
git,git-l168-c32.result.json,5,5,10,9,15,17,10,12,274,2986,4673,48,25,11
git,git-l168-c35.result.json,6,6,10,9,11,17,10,10,319,3111,4770,88,24,43
git,git-l168-c47.result.json,1,1,10,7,13,17,7,13,256,2800,4341,188,29,25
git,git-l168-c54.result.json,4,5,10,7,15,17,6,13,292,2975,4590,72,32,28
git,git-l17-c17.result.json,5,5,10,9,13,17,11,11,256,2821,4371,99,29,58
git,git-l172-c16.result.json,4,5,10,8,17,17,8,13,292,2975,4590,64,22,28
git,git-l172-c20.result.json,4,5,10,9,15,17,8,10,346,3278,5022,245,30,67
git,git-l172-c31.result.json,6,6,10,10,13,17,11,11,319,3111,4770,102,27,45
git,git-l172-c43.result.json,5,5,10,9,13,17,7,10,346,3213,4895,300,32,74
git,git-l172-c50.result.json,4,5,10,10,17,17,13,18,292,2975,4590,66,30,25
git,git-l172-c58.result.json,6,6,10,10,16,17,12,14,319,3111,4770,71,21,33
git,git-l172-c66.result.json,5,5,10,9,13,17,8,11,346,3213,4895,220,25,49
git,git-l172-c73.result.json,4,5,10,8,17,17,8,13,292,2975,4590,72,29,29
git,git-l176-c11.result.json,4,5,10,8,17,17,11,17,280,2911,4500,80,29,33
git,git-l176-c16.result.json,1,1,10,9,15,17,12,15,256,2800,4341,279,28,27
git,git-l176-c23.result.json,4,5,10,8,17,17,11,17,280,2911,4500,61,23,26
git,git-l176-c6.result.json,5,5,10,7,13,17,7,11,268,2942,4607,47,24,13
git,git-l186-c11.result.json,5,6,10,9,14,17,10,14,298,2991,4597,81,24,40
git,git-l186-c22.result.json,5,5,10,8,10,17,10,14,316,3065,4691,245,27,58
git,git-l186-c29.result.json,4,5,10,8,17,17,10,17,280,2911,4500,82,30,40
git,git-l186-c8.result.json,4,5,10,8,17,17,9,15,280,2911,4500,68,28,24
git,git-l190-c10.result.json,4,5,10,8,17,17,11,24,280,2905,4488,55,21,18
git,git-l194-c15.result.json,4,5,10,8,19,17,10,25,288,2951,4548,71,29,31
git,git-l194-c25.result.json,5,6,10,9,16,17,9,13,312,3057,4674,80,30,31
git,git-l194-c36.result.json,5,5,10,8,12,17,10,13,336,3161,4804,303,29,57
git,git-l194-c42.result.json,4,5,10,8,17,17,10,23,288,2951,4548,81,30,32
git,git-l198-c15.result.json,4,5,10,8,19,17,10,26,288,2951,4548,69,28,28
git,git-l198-c25.result.json,5,6,10,9,17,17,9,13,312,3057,4674,81,28,38
git,git-l198-c33.result.json,5,6,10,9,17,17,8,13,312,3057,4674,91,25,47
git,git-l198-c44.result.json,5,5,10,8,12,17,8,10,336,3161,4804,292,30,66
git,git-l198-c50.result.json,4,5,10,8,17,17,10,23,288,2951,4548,79,31,35
git,git-l207-c11.result.json,5,5,10,8,10,17,10,14,316,3065,4691,234,25,66
git,git-l207-c17.result.json,4,5,10,8,17,17,10,22,280,2905,4488,57,22,20
git,git-l207-c6.result.json,4,5,10,8,17,17,10,24,280,2905,4488,56,26,18
git,git-l211-c12.result.json,5,5,10,8,11,17,9,12,316,3065,4691,242,29,66
git,git-l211-c17.result.json,4,5,10,8,15,17,11,17,280,2911,4500,63,27,24
git,git-l211-c19.result.json,4,4,10,9,15,17,10,15,274,2923,4626,79,27,20
git,git-l211-c7.result.json,4,5,10,8,17,17,10,23,280,2905,4488,77,30,35
git,git-l22-c16.result.json,5,5,10,9,15,17,11,14,256,2821,4371,82,23,49
git,git-l23-c15.result.json,5,5,10,9,13,17,11,11,256,2821,4371,89,23,57
git,git-l241-c28.result.json,4,5,10,8,12,17,8,10,346,3200,4874,100,29,55
git,git-l241-c32.result.json,5,5,10,8,14,17,10,15,346,3407,5413,288,30,66
git,git-l241-c38.result.json,4,5,10,8,17,17,9,15,292,2963,4568,66,27,22
git,git-l241-c54.result.json,3,4,10,7,10,17,7,8,283,2915,4492,66,27,18
git,git-l241-c59.result.json,4,5,10,8,14,17,9,13,292,2963,4568,71,29,23
git,git-l245-c108.result.json,4,5,10,10,16,17,7,9,436,3550,5319,174,32,67
git,git-l245-c112.result.json,4,4,10,8,17,17,9,17,310,3053,4767,331,27,29
git,git-l245-c119.result.json,0,0,10,7,13,17,7,11,256,2800,4341,34,26,0
git,git-l245-c122.result.json,4,4,10,8,15,17,9,13,310,2986,4566,120,28,21
git,git-l245-c138.result.json,4,4,10,8,15,17,9,13,310,2986,4566,67,27,21
git,git-l245-c143.result.json,0,0,10,7,13,17,7,11,256,2800,4341,41,35,0
git,git-l245-c164.result.json,5,6,10,9,16,17,9,12,382,3369,5101,72,23,34
git,git-l245-c28.result.json,4,5,10,10,16,17,7,9,436,3550,5319,89,23,49
git,git-l245-c32.result.json,5,5,10,9,16,17,9,13,436,3757,5858,300,33,66
git,git-l245-c38.result.json,4,5,10,8,18,17,9,22,328,3095,4732,67,26,28
git,git-l245-c50.result.json,6,6,10,9,17,17,10,14,382,3369,5101,85,29,41
git,git-l245-c55.result.json,4,5,10,9,17,17,9,16,328,3095,4732,64,22,29
git,git-l245-c58.result.json,4,5,10,9,17,17,7,8,364,3283,4989,89,27,30
git,git-l254-c11.result.json,4,5,10,8,17,17,7,10,328,3114,4751,120,38,40
git,git-l254-c15.result.json,4,5,10,5,10,17,5,8,376,3574,5583,458,34,67
git,git-l254-c22.result.json,4,5,10,5,10,17,5,8,376,3594,5643,372,32,49
git,git-l254-c30.result.json,4,5,10,8,18,17,10,23,304,3015,4636,73,30,31
git,git-l258-c11.result.json,4,5,10,8,12,17,8,10,376,3326,5037,124,30,74
git,git-l258-c15.result.json,5,5,10,7,13,17,8,13,376,3533,5576,307,33,61
git,git-l258-c23.result.json,4,5,10,8,16,17,9,19,304,3015,4636,68,30,26
git,git-l26-c21.result.json,5,5,10,9,13,17,11,11,256,2821,4371,105,31,62
git,git-l262-c6.result.json,3,5,10,10,19,17,14,17,690,6917,11658,356,42,51
git,git-l262-c8.result.json,4,4,10,8,11,17,9,10,292,3048,4709,74,29,22
git,git-l266-c18.result.json,0,0,10,7,13,17,7,11,256,2800,4341,35,26,0
git,git-l266-c24.result.json,4,5,10,8,17,17,9,15,288,2951,4548,83,28,43
git,git-l271-c22.result.json,0,0,10,7,13,17,7,11,256,2800,4341,29,20,0
git,git-l271-c28.result.json,4,5,10,8,13,17,10,13,296,3023,4648,68,27,27
git,git-l271-c55.result.json,0,0,10,9,15,17,12,15,256,2800,4341,29,23,0
git,git-l271-c61.result.json,0,0,10,7,13,17,7,11,256,2800,4341,30,24,0
git,git-l271-c82.result.json,4,4,10,8,17,17,10,16,286,2956,4545,60,25,15
git,git-l271-c92.result.json,4,4,10,9,13,17,8,8,286,2999,4723,71,25,19
git,git-l276-c111.result.json,4,4,10,8,17,17,10,19,286,2956,4545,67,28,23
git,git-l276-c124.result.json,0,0,10,7,13,17,7,11,256,2800,4341,29,22,0
git,git-l276-c23.result.json,0,0,10,7,13,17,7,11,256,2800,4341,32,26,0
git,git-l276-c29.result.json,4,5,10,8,18,17,10,24,296,3023,4648,67,27,28
git,git-l276-c57.result.json,0,0,10,7,13,17,7,13,256,2800,4341,32,26,0
git,git-l276-c63.result.json,0,0,10,7,13,17,7,11,256,2800,4341,32,26,0
git,git-l276-c84.result.json,4,4,10,8,17,17,10,16,286,2956,4545,60,26,19
git,git-l276-c94.result.json,4,4,10,9,17,17,11,18,286,2999,4723,81,25,25
git,git-l288-c20.result.json,5,5,10,8,12,17,7,9,376,3317,5017,311,26,67
git,git-l288-c28.result.json,4,5,10,8,18,17,10,23,304,3015,4636,56,25,20
git,git-l288-c9.result.json,5,6,10,9,16,17,7,10,340,3173,4835,85,25,46
git,git-l292-c18.result.json,3,5,10,8,18,17,8,14,328,3164,4856,69,23,29
git,git-l292-c22.result.json,2,2,10,9,18,17,12,19,274,2924,4544,47,25,7
git,git-l292-c24.result.json,5,6,10,9,17,17,9,14,382,3439,5220,88,25,43
git,git-l292-c32.result.json,6,6,10,9,15,17,9,14,382,3445,5325,117,27,49
git,git-l292-c43.result.json,4,5,10,8,12,17,8,10,436,3708,5584,106,29,63
git,git-l292-c52.result.json,4,5,10,8,12,17,8,10,436,3706,5587,116,25,70
git,git-l292-c62.result.json,5,5,10,8,16,17,8,13,364,3326,5053,97,28,38
git,git-l292-c65.result.json,5,6,10,9,17,17,8,13,382,3439,5220,88,30,37
git,git-l292-c7.result.json,3,5,10,8,18,17,8,14,328,3164,4856,68,29,26
git,git-l292-c77.result.json,5,5,10,8,12,17,8,10,436,3697,5567,324,24,65
git,git-l292-c88.result.json,4,5,10,9,17,17,10,16,328,3175,4860,65,28,23
git,git-l296-c20.result.json,3,5,10,8,18,17,8,14,328,3164,4856,91,29,28
git,git-l296-c24.result.json,4,5,10,8,12,17,8,10,436,3708,5584,275,27,64
git,git-l296-c35.result.json,4,5,10,9,18,17,10,16,328,3175,4860,71,29,26
git,git-l296-c45.result.json,0,0,10,7,13,17,7,11,256,2800,4341,32,25,0
git,git-l296-c8.result.json,3,5,10,8,18,17,8,13,328,3164,4856,67,28,28
git,git-l300-c22.result.json,3,5,10,8,18,17,10,23,304,3078,4756,62,27,20
git,git-l300-c9.result.json,3,5,10,8,18,17,11,23,304,3078,4756,102,62,28
git,git-l304-c16.result.json,3,5,10,8,13,17,11,18,304,3060,4720,65,27,21
git,git-l304-c6.result.json,3,5,10,8,14,17,11,21,304,3060,4720,67,27,27
git,git-l308-c18.result.json,3,5,10,8,18,17,9,14,304,3060,4720,82,29,36
git,git-l308-c7.result.json,3,5,10,8,16,17,10,16,304,3060,4720,64,26,26
git,git-l312-c16.result.json,3,5,10,8,16,17,11,20,304,3060,4720,67,23,27
git,git-l312-c6.result.json,3,5,10,8,18,17,10,15,304,3060,4720,67,28,25
git,git-l316-c8.result.json,4,5,10,8,17,17,11,17,280,2911,4500,62,23,27
git,git-l32-c17.result.json,5,5,10,9,15,17,11,14,256,2821,4371,84,25,51
git,git-l320-c8.result.json,4,5,10,8,17,17,11,19,280,2911,4500,71,23,30
git,git-l33-c19.result.json,5,5,10,9,13,17,11,11,256,2821,4371,94,28,58
git,git-l346-c18.result.json,5,5,10,8,12,17,7,9,376,3317,5017,341,33,57
git,git-l346-c26.result.json,4,5,10,8,16,17,10,20,304,3015,4636,71,29,29
git,git-l346-c7.result.json,5,6,10,9,15,17,7,11,340,3173,4835,96,30,50
git,git-l359-c47.result.json,4,4,10,8,17,17,10,19,271,2912,4504,61,28,17
git,git-l360-c50.result.json,5,5,10,8,17,17,10,19,306,3088,4741,276,26,53
git,git-l360-c58.result.json,4,5,10,8,19,17,9,18,276,2959,4584,70,32,20
git,git-l368-c12.result.json,4,5,10,8,17,17,9,15,280,2911,4500,70,29,27
git,git-l37-c17.result.json,5,5,10,9,13,17,10,10,256,2821,4371,100,27,63
git,git-l372-c24.result.json,3,5,10,8,13,17,6,15,316,3124,4810,69,23,27
git,git-l372-c30.result.json,6,6,10,10,19,17,13,18,361,3377,5155,89,27,40
git,git-l376-c24.result.json,3,5,10,10,17,17,12,19,316,3124,4810,61,25,23
git,git-l376-c33.result.json,3,5,10,8,13,17,7,14,316,3124,4810,62,23,23
git,git-l376-c43.result.json,3,5,10,8,13,17,7,13,316,3124,4810,64,26,27
git,git-l38-c19.result.json,5,5,10,9,15,17,11,14,256,2821,4371,103,29,65
git,git-l380-c24.result.json,3,5,10,8,15,17,9,18,316,3124,4810,68,27,28
git,git-l380-c34.result.json,3,5,10,8,13,17,7,16,316,3124,4810,73,28,27
git,git-l380-c45.result.json,3,5,10,8,13,17,6,12,316,3124,4810,68,28,26
git,git-l384-c24.result.json,3,5,10,8,15,17,8,15,316,3124,4810,78,32,32
git,git-l384-c33.result.json,3,5,10,8,11,17,6,12,316,3124,4810,75,27,29
git,git-l384-c43.result.json,3,5,10,8,15,17,8,15,316,3124,4810,64,25,25
git,git-l384-c53.result.json,0,0,10,7,13,17,7,11,256,2800,4341,31,25,0
git,git-l384-c58.result.json,0,0,10,7,13,17,7,13,256,2800,4341,34,26,0
git,git-l388-c24.result.json,3,5,10,8,13,17,7,14,316,3124,4810,68,29,28
git,git-l388-c30.result.json,6,6,10,10,15,17,14,19,361,3377,5155,97,29,46
git,git-l388-c42.result.json,3,4,10,8,17,17,8,12,301,3036,4670,84,48,16
git,git-l388-c47.result.json,3,5,10,8,15,17,8,14,316,3124,4810,69,27,27
git,git-l392-c24.result.json,3,5,10,8,11,17,6,12,316,3124,4810,58,25,21
git,git-l392-c35.result.json,3,5,10,8,13,17,6,15,316,3124,4810,71,28,25
git,git-l392-c47.result.json,3,5,10,8,17,17,8,19,316,3124,4810,67,28,26
git,git-l392-c51.result.json,3,5,10,8,13,17,6,11,406,3614,5488,316,25,52
git,git-l392-c58.result.json,3,5,10,8,13,17,6,11,406,3614,5488,325,32,64
git,git-l392-c61.result.json,6,6,10,10,15,17,14,21,361,3371,5143,84,29,36
git,git-l392-c69.result.json,4,4,10,10,15,17,12,18,301,3036,4670,64,25,20
git,git-l392-c74.result.json,3,5,10,8,11,17,6,12,316,3124,4810,63,21,27
git,git-l392-c79.result.json,1,1,10,7,13,17,7,13,256,2800,4341,35,25,0
git,git-l396-c22.result.json,3,5,10,7,17,17,8,20,304,3078,4756,52,22,18
git,git-l396-c9.result.json,3,5,10,7,15,17,8,16,304,3078,4756,79,40,28
git,git-l4-c19.result.json,5,5,10,9,13,17,11,11,256,2821,4371,95,29,56
git,git-l400-c18.result.json,3,5,10,8,18,17,11,22,304,3060,4720,147,103,27
git,git-l400-c7.result.json,3,5,10,8,18,17,10,17,304,3060,4720,57,23,23
git,git-l41-c19.result.json,5,5,10,9,13,17,11,11,256,2821,4371,82,23,52
git,git-l423-c18.result.json,5,5,10,8,12,17,7,9,376,3317,5017,273,32,58
git,git-l423-c24.result.json,4,5,10,8,16,17,10,17,304,3015,4636,77,30,29
git,git-l423-c7.result.json,5,6,10,9,14,17,9,9,340,3173,4835,93,30,47
git,git-l427-c15.result.json,5,5,10,8,12,17,8,10,356,3257,4917,310,31,69
git,git-l427-c21.result.json,4,5,10,8,13,17,9,14,296,2991,4596,64,22,29
git,git-l427-c24.result.json,5,6,10,9,13,17,9,13,326,3131,4765,90,23,50
git,git-l427-c37.result.json,5,6,10,9,13,17,9,13,326,3131,4765,90,28,47
git,git-l427-c4.result.json,5,6,10,9,15,17,9,13,326,3131,4765,92,29,48
git,git-l427-c48.result.json,5,5,10,8,13,17,8,10,356,3257,4917,265,26,57
git,git-l427-c54.result.json,4,5,10,8,13,17,9,14,296,2991,4596,72,28,31
git,git-l427-c57.result.json,5,5,10,8,17,17,9,18,316,3080,4699,80,25,39
git,git-l427-c67.result.json,4,5,10,9,11,17,8,8,316,3095,4729,93,28,39
git,git-l427-c90.result.json,4,4,10,8,17,17,9,18,316,3222,4940,313,25,39
git,git-l427-c98.result.json,4,5,10,8,15,17,9,14,296,2991,4596,63,25,26
git,git-l431-c10.result.json,4,4,10,8,17,17,9,18,316,3222,4940,252,28,37
git,git-l431-c18.result.json,4,5,10,8,13,17,9,14,296,2991,4596,62,27,22
git,git-l431-c26.result.json,5,6,10,9,14,17,9,13,326,3131,4765,92,31,42
git,git-l431-c37.result.json,5,5,10,8,12,17,8,10,356,3257,4917,329,29,61
git,git-l431-c43.result.json,4,5,10,8,13,17,10,14,296,2991,4596,68,28,28
git,git-l431-c46.result.json,5,5,10,8,17,17,9,18,316,3080,4699,74,22,35
git,git-l431-c56.result.json,4,5,10,9,11,17,8,8,316,3095,4729,94,27,36
git,git-l431-c70.result.json,5,6,10,9,14,17,9,13,326,3131,4765,87,27,46
git,git-l435-c109.result.json,4,4,10,8,17,17,10,19,271,2912,4504,275,26,20
git,git-l435-c120.result.json,5,5,10,8,17,17,9,16,306,3037,4642,361,28,64
git,git-l435-c126.result.json,4,5,10,9,17,17,10,13,286,2930,4508,294,28,40
git,git-l435-c129.result.json,5,5,10,8,17,17,10,17,286,2936,4513,86,31,39
git,git-l435-c96.result.json,5,5,10,8,17,17,10,17,286,2936,4513,71,23,32
git,git-l439-c121.result.json,4,5,10,8,15,17,8,12,352,3294,4997,99,31,28
git,git-l439-c125.result.json,0,0,10,7,13,17,7,11,256,2800,4341,34,27,0
git,git-l439-c133.result.json,4,5,10,8,18,17,10,17,320,3131,4793,63,28,22
git,git-l439-c14.result.json,4,5,10,8,15,17,9,13,320,3131,4793,69,28,29
git,git-l439-c142.result.json,0,0,10,9,15,17,12,15,256,2800,4341,33,26,0
git,git-l439-c149.result.json,0,0,10,7,13,17,7,11,256,2800,4341,33,26,0
git,git-l439-c18.result.json,5,5,10,8,12,17,8,10,416,3622,5431,136,54,70
git,git-l439-c30.result.json,0,0,10,9,15,17,12,15,256,2800,4341,33,24,0
git,git-l439-c32.result.json,4,4,10,8,17,17,9,12,304,3040,4659,60,26,19
git,git-l439-c40.result.json,0,0,10,7,13,17,7,13,256,2800,4341,30,24,0
git,git-l439-c62.result.json,4,5,10,8,13,17,7,8,352,3294,4997,107,28,40
git,git-l439-c66.result.json,0,0,10,7,13,17,7,11,256,2800,4341,31,25,0
git,git-l439-c74.result.json,4,5,10,8,15,17,9,14,320,3131,4793,55,21,21
git,git-l439-c80.result.json,0,0,10,7,13,17,7,11,256,2800,4341,33,26,0
git,git-l439-c82.result.json,4,4,10,8,17,17,9,12,304,3040,4659,59,22,21
git,git-l439-c90.result.json,0,0,10,7,13,17,7,11,256,2800,4341,31,25,0
git,git-l443-c18.result.json,3,5,10,8,18,17,10,19,320,3140,4816,79,28,32
git,git-l443-c22.result.json,2,2,10,8,13,17,10,12,272,2918,4534,38,24,6
git,git-l443-c24.result.json,5,6,10,9,19,17,10,19,368,3397,5150,91,28,44
git,git-l443-c7.result.json,3,5,10,10,18,17,11,14,320,3140,4816,68,29,25
git,git-l447-c22.result.json,3,5,10,9,16,17,9,12,320,3158,4852,75,29,27
git,git-l447-c26.result.json,2,2,10,8,15,17,9,14,272,2921,4546,41,22,7
git,git-l447-c28.result.json,5,6,10,9,15,17,10,16,368,3397,5150,110,31,65
git,git-l447-c39.result.json,4,5,10,8,13,17,8,10,416,3648,5484,104,29,60
git,git-l447-c62.result.json,5,5,10,9,16,17,11,13,320,3151,4820,81,33,30
git,git-l447-c9.result.json,3,5,10,8,19,17,9,22,320,3158,4852,68,30,23
git,git-l451-c16.result.json,3,5,10,8,17,17,10,16,304,3060,4720,57,26,18
git,git-l451-c6.result.json,3,5,10,8,18,17,11,24,304,3060,4720,67,27,28
git,git-l455-c20.result.json,3,5,10,8,16,17,11,21,304,3060,4720,49,20,19
git,git-l455-c8.result.json,3,5,10,8,15,17,11,17,304,3060,4720,49,19,20
git,git-l459-c16.result.json,3,5,10,7,18,17,7,13,304,3060,4720,48,19,18
git,git-l459-c6.result.json,3,5,10,8,15,17,10,24,304,3060,4720,48,19,19
git,git-l47-c3.result.json,5,5,10,9,15,17,10,11,292,2946,4532,44,19,14
git,git-l47-c8.result.json,4,5,10,8,19,17,9,20,304,3015,4638,80,44,22
git,git-l507-c104.result.json,1,2,10,7,13,17,7,11,256,2800,4341,55,20,14
git,git-l507-c127.result.json,1,2,10,7,13,17,7,11,256,2800,4341,45,19,14
git,git-l507-c137.result.json,2,2,10,7,13,17,7,11,256,2800,4341,54,21,9
git,git-l507-c60.result.json,2,2,10,7,13,17,7,11,256,2800,4341,40,18,9
git,git-l507-c71.result.json,1,1,10,7,13,17,7,13,256,2800,4341,187,19,18
git,git-l507-c77.result.json,2,2,10,7,13,17,7,11,256,2800,4341,48,18,15
git,git-l507-c80.result.json,1,2,10,7,13,17,7,11,256,2800,4341,49,18,14
git,git-l51-c15.result.json,4,5,10,8,17,17,11,22,280,2905,4488,50,19,18
git,git-l511-c30.result.json,6,6,10,10,15,17,9,9,354,3235,4905,63,20,32
git,git-l511-c41.result.json,5,5,10,8,13,17,8,12,396,3417,5137,243,23,68
git,git-l511-c47.result.json,4,5,10,8,15,17,10,15,312,3047,4670,49,20,18
git,git-l519-c18.result.json,3,5,10,8,18,17,9,15,328,3164,4856,48,19,20
git,git-l519-c22.result.json,2,2,10,9,18,17,12,19,274,2924,4544,38,26,5
git,git-l519-c31.result.json,4,5,10,8,16,17,9,20,364,3324,5050,78,20,27
git,git-l519-c34.result.json,6,6,10,10,17,17,10,17,382,3445,5325,80,20,33
git,git-l519-c7.result.json,3,5,10,8,16,17,10,20,328,3164,4856,51,21,20
git,git-l523-c22.result.json,3,5,10,8,17,17,8,16,328,3182,4892,52,19,20
git,git-l523-c26.result.json,2,2,10,9,18,17,11,17,274,2927,4556,30,19,4
git,git-l523-c42.result.json,2,2,10,9,16,17,12,17,274,2927,4556,30,19,4
git,git-l523-c9.result.json,3,5,10,8,14,17,10,14,328,3182,4892,48,20,18
git,git-l527-c16.result.json,3,5,10,8,18,17,11,23,304,3060,4720,83,26,31
git,git-l527-c6.result.json,3,5,10,8,16,17,10,23,304,3060,4720,78,30,33
git,git-l531-c18.result.json,3,5,10,8,16,17,11,22,304,3060,4720,68,29,26
git,git-l531-c7.result.json,3,5,10,8,18,17,9,16,304,3060,4720,71,31,27
git,git-l535-c20.result.json,3,5,10,5,11,17,6,10,304,3060,4720,69,29,28
git,git-l535-c8.result.json,3,5,10,8,18,17,11,24,304,3060,4720,73,30,29
git,git-l539-c16.result.json,3,5,10,8,18,17,9,14,304,3060,4720,56,23,20
git,git-l539-c6.result.json,3,5,10,8,16,17,11,22,304,3060,4720,54,22,20
git,git-l55-c21.result.json,6,6,10,10,18,17,14,18,382,3409,5169,76,21,34
git,git-l55-c6.result.json,5,5,10,10,17,17,15,18,436,3810,5837,372,24,51
git,git-l558-c13.result.json,2,2,10,10,17,17,15,16,276,2975,4601,171,20,24
git,git-l558-c32.result.json,4,5,10,10,16,17,10,15,456,3974,5991,356,35,122
git,git-l558-c40.result.json,4,5,10,10,17,17,11,16,336,3235,4931,77,28,33
git,git-l558-c54.result.json,6,6,10,10,15,17,13,13,396,3523,5290,88,28,39
git,git-l558-c64.result.json,6,6,10,10,15,17,10,10,336,3233,5012,86,29,23
git,git-l558-c7.result.json,4,5,10,10,17,17,9,13,456,3832,5686,102,31,60
git,git-l562-c18.result.json,4,4,10,8,17,17,10,19,286,2986,4581,82,28,35
git,git-l562-c29.result.json,5,5,10,9,17,17,12,18,356,3389,5083,106,24,69
git,git-l562-c32.result.json,4,4,10,9,17,17,12,17,286,2986,4581,68,25,18
git,git-l562-c43.result.json,5,5,10,9,17,17,12,14,356,3389,5083,98,26,63
git,git-l562-c46.result.json,0,0,10,7,13,17,7,13,256,2800,4341,30,24,0
git,git-l562-c57.result.json,0,0,10,7,13,17,7,11,256,2800,4341,29,23,0
git,git-l566-c11.result.json,5,5,10,8,13,17,10,11,280,3006,4697,41,22,11
git,git-l566-c16.result.json,4,5,10,8,15,17,8,13,304,3047,4694,57,21,22
git,git-l566-c6.result.json,5,5,10,10,20,17,9,21,690,6513,10412,323,50,56
git,git-l570-c53.result.json,5,5,10,10,17,17,12,14,352,3320,5047,88,34,36
git,git-l570-c64.result.json,0,0,10,9,15,17,12,15,256,2800,4341,36,25,0
git,git-l570-c67.result.json,5,5,10,10,17,17,12,14,352,3320,5047,98,27,46
git,git-l570-c78.result.json,1,1,10,7,13,17,7,10,256,2800,4341,220,23,28
git,git-l574-c103.result.json,1,1,10,7,13,17,7,11,256,2800,4341,360,25,104
git,git-l574-c111.result.json,2,2,10,7,13,17,7,11,256,2800,4341,137,38,82
git,git-l574-c124.result.json,1,1,10,7,13,17,7,11,256,2800,4341,451,23,109
git,git-l574-c78.result.json,0,0,10,7,13,17,7,11,256,2800,4341,28,20,0
git,git-l574-c84.result.json,1,1,10,7,13,17,7,10,256,2800,4341,234,19,85
git,git-l578-c119.result.json,5,6,10,10,17,17,11,15,431,3740,5626,222,28,175
git,git-l578-c129.result.json,6,6,10,10,18,17,10,14,356,3369,5225,168,27,107
git,git-l578-c184.result.json,5,5,10,10,17,17,10,15,506,4308,6531,624,30,281
git,git-l578-c21.result.json,5,5,10,10,17,17,10,15,506,4308,6531,552,31,265
git,git-l578-c29.result.json,3,5,10,10,17,17,8,9,356,3370,5152,160,28,111
git,git-l578-c93.result.json,3,4,10,10,17,17,10,14,406,3747,5753,592,27,235
git,git-l58-c23.result.json,5,5,10,9,13,17,11,11,256,2821,4371,100,28,62
git,git-l582-c6.result.json,3,5,10,10,17,17,13,20,328,3196,4914,69,29,27
git,git-l586-c16.result.json,3,5,10,8,16,17,11,23,304,3060,4720,80,28,39
git,git-l586-c6.result.json,3,5,10,8,16,17,11,22,304,3060,4720,72,27,25
git,git-l59-c52.result.json,0,0,10,9,15,17,12,15,256,2800,4341,36,29,0
git,git-l611-c23.result.json,4,5,10,8,13,17,8,11,376,3376,5067,106,34,59
git,git-l611-c29.result.json,2,2,10,8,17,17,10,13,268,2900,4485,280,27,45
git,git-l611-c50.result.json,6,6,10,10,14,17,12,12,340,3193,4835,89,26,43
git,git-l611-c60.result.json,4,4,10,9,15,17,9,13,292,3005,4720,80,26,20
git,git-l615-c37.result.json,0,0,10,9,15,17,12,15,256,2800,4341,29,23,0
git,git-l615-c43.result.json,2,2,10,10,17,17,12,13,274,2944,4551,229,27,36
git,git-l615-c64.result.json,6,6,10,10,15,17,13,13,382,3397,5115,90,30,39
git,git-l615-c74.result.json,6,6,10,10,13,17,11,11,328,3157,4905,101,33,30
git,git-l619-c18.result.json,3,5,10,8,18,17,10,19,320,3140,4816,69,28,26
git,git-l619-c22.result.json,2,2,10,9,18,17,12,17,272,2918,4534,38,24,6
git,git-l619-c7.result.json,3,5,10,9,18,17,10,17,320,3140,4816,64,29,22
git,git-l63-c22.result.json,2,2,10,8,13,17,9,10,271,2893,4512,349,30,52
git,git-l63-c24.result.json,6,6,10,10,16,17,14,18,361,3311,5036,114,32,51
git,git-l63-c29.result.json,4,4,10,10,17,17,13,14,301,3059,4813,83,32,25
git,git-l63-c41.result.json,4,5,10,8,17,17,9,11,406,3536,5349,469,30,65
git,git-l63-c43.result.json,6,6,10,10,18,17,14,21,361,3311,5036,97,30,44
git,git-l67-c23.result.json,6,6,10,9,18,17,12,17,361,3311,5036,103,29,47
git,git-l67-c33.result.json,5,6,10,9,14,17,9,10,361,3305,5024,93,27,47
git,git-l71-c22.result.json,4,5,10,8,15,17,9,11,406,3536,5349,88,23,53
git,git-l71-c27.result.json,2,2,10,9,13,17,12,12,271,2953,4692,251,28,51
git,git-l71-c29.result.json,6,6,10,10,18,17,15,19,361,3305,5024,92,24,46
git,git-l71-c36.result.json,6,6,10,10,16,17,15,19,361,3305,5024,81,24,40
git,git-l87-c16.result.json,5,5,10,9,18,17,11,17,286,2943,4530,103,27,68
git,git-l87-c29.result.json,6,6,10,9,16,17,11,17,277,2914,4499,81,27,35
git,git-l91-c9.result.json,5,6,10,9,17,17,10,13,256,2827,4387,92,26,45
git,git-l95-c25.result.json,2,4,10,8,18,17,11,26,274,3032,5038,300,31,44
git,git-l95-c27.result.json,3,4,10,7,13,17,7,13,265,2855,4420,59,23,18
icd,icd-l113-c37.result.json,5,5,20,17,27,10,10,13,156,1423,2349,417,48,338
icd,icd-l113-c8.result.json,5,5,20,17,27,10,10,13,156,1423,2349,183,30,138
icd,icd-l117-c20.result.json,5,5,20,17,27,10,10,13,156,1323,2179,167,31,119
icd,icd-l117-c7.result.json,5,5,20,17,27,10,10,13,156,1323,2179,124,19,93
icd,icd-l124-c39.result.json,5,5,20,17,27,10,10,13,156,1423,2349,121,19,88
icd,icd-l124-c58.result.json,5,5,20,17,27,10,10,13,156,1399,2314,122,27,80
icd,icd-l125-c23.result.json,5,5,20,17,27,10,10,15,126,1209,2034,134,24,67
icd,icd-l125-c8.result.json,5,5,20,17,27,10,10,13,126,1233,2069,117,21,84
icd,icd-l126-c21.result.json,5,5,20,17,27,10,10,15,126,1209,2034,106,14,61
icd,icd-l126-c23.result.json,5,5,20,17,26,10,10,13,126,1233,2069,98,14,71
icd,icd-l126-c35.result.json,4,4,20,17,27,10,10,15,105,1185,2018,69,28,25
icd,icd-l126-c39.result.json,5,5,20,17,27,10,10,13,114,1192,2016,71,18,37
icd,icd-l13-c34.result.json,5,5,20,17,27,10,10,15,96,1129,1934,83,19,51
icd,icd-l16-c26.result.json,5,5,20,17,27,10,10,13,96,1129,1934,68,12,48
icd,icd-l19-c32.result.json,5,5,20,17,27,10,10,15,96,1129,1934,71,11,47
icd,icd-l25-c12.result.json,5,5,20,17,27,10,10,14,96,1129,1934,69,11,46
icd,icd-l26-c31.result.json,5,5,20,17,27,10,10,15,96,1129,1934,78,17,47
icd,icd-l27-c35.result.json,5,5,20,17,27,10,10,13,96,1129,1934,75,18,46
icd,icd-l38-c25.result.json,5,5,20,17,27,10,10,15,126,1233,2069,84,12,63
icd,icd-l4-c39.result.json,5,5,20,17,27,10,10,13,96,1129,1934,78,11,53
icd,icd-l41-c21.result.json,5,5,20,17,26,10,10,13,156,1323,2179,82,12,59
icd,icd-l41-c46.result.json,5,5,20,17,27,10,10,13,156,1323,2179,83,17,55
icd,icd-l41-c7.result.json,5,5,20,17,27,10,10,13,156,1323,2179,81,12,58
icd,icd-l42-c8.result.json,5,5,20,17,27,10,10,13,156,1323,2179,81,11,58
icd,icd-l43-c18.result.json,5,5,20,17,27,10,10,13,156,1299,2144,90,17,43
icd,icd-l43-c20.result.json,5,5,20,17,27,10,10,13,156,1323,2179,95,14,70
icd,icd-l43-c36.result.json,5,5,20,17,26,10,10,13,132,1246,2082,55,15,28
icd,icd-l44-c4.result.json,5,5,20,17,27,10,10,13,156,1323,2179,70,10,51
icd,icd-l47-c29.result.json,6,6,20,16,26,10,10,13,321,2201,3493,104,21,70
icd,icd-l47-c40.result.json,5,5,20,15,21,10,8,9,246,1823,2899,96,20,62
icd,icd-l48-c17.result.json,5,5,20,16,25,10,10,13,246,1823,2899,76,12,54
icd,icd-l48-c27.result.json,4,5,20,16,23,10,10,11,246,1936,3107,117,19,65
icd,icd-l48-c5.result.json,5,5,20,16,23,10,10,11,246,1823,2899,86,12,64
icd,icd-l49-c18.result.json,5,5,20,17,27,10,10,15,216,1603,2569,83,18,53
icd,icd-l49-c5.result.json,5,5,20,17,27,10,10,15,216,1603,2569,74,12,53
icd,icd-l50-c22.result.json,5,5,20,17,27,10,10,15,216,1603,2569,81,12,58
icd,icd-l50-c5.result.json,5,5,20,17,26,10,10,15,216,1603,2569,86,11,63
icd,icd-l51-c27.result.json,5,5,20,17,27,10,10,15,216,1603,2569,75,11,52
icd,icd-l51-c5.result.json,5,5,20,17,27,10,10,15,216,1603,2569,74,11,52
icd,icd-l52-c25.result.json,5,5,20,17,27,10,10,15,216,1603,2569,72,11,51
icd,icd-l52-c5.result.json,5,5,20,17,27,10,10,15,216,1603,2569,88,12,65
icd,icd-l53-c20.result.json,5,5,20,17,27,10,10,15,216,1579,2534,98,16,50
icd,icd-l53-c5.result.json,5,5,20,17,27,10,10,15,216,1603,2569,70,10,52
icd,icd-l54-c17.result.json,4,4,20,16,25,10,10,12,141,1362,2267,45,14,18
icd,icd-l54-c25.result.json,6,6,20,16,26,10,10,13,321,2201,3493,89,13,69
icd,icd-l54-c5.result.json,5,5,20,16,25,10,10,12,246,1823,2899,89,17,60
icd,icd-l57-c29.result.json,6,6,20,16,23,10,10,12,321,2201,3493,87,12,65
icd,icd-l57-c40.result.json,5,5,20,16,23,10,9,11,246,1823,2899,71,11,49
icd,icd-l57-c62.result.json,5,5,20,16,25,10,10,13,246,1823,2899,72,10,51
icd,icd-l58-c8.result.json,5,5,20,17,27,10,10,15,216,1603,2569,82,11,60
icd,icd-l59-c5.result.json,5,5,20,17,27,10,10,15,216,1603,2569,71,11,48
icd,icd-l6-c38.result.json,5,5,20,17,27,10,10,13,96,1129,1934,72,16,43
icd,icd-l60-c5.result.json,5,5,20,17,27,10,10,15,216,1603,2569,69,12,49
icd,icd-l61-c27.result.json,5,5,20,17,27,10,10,15,216,1603,2569,71,10,51
icd,icd-l61-c5.result.json,5,5,20,17,27,10,10,15,216,1603,2569,80,11,59
icd,icd-l62-c25.result.json,5,5,20,17,27,10,10,15,216,1603,2569,70,10,49
icd,icd-l62-c5.result.json,5,5,20,17,27,10,10,15,216,1603,2569,70,10,49
icd,icd-l63-c20.result.json,5,5,20,17,27,10,10,15,216,1579,2534,81,11,41
icd,icd-l63-c5.result.json,5,5,20,17,27,10,10,15,216,1603,2569,70,10,50
icd,icd-l64-c17.result.json,4,4,20,17,27,10,10,13,132,1296,2168,57,20,28
icd,icd-l64-c25.result.json,5,5,20,17,27,10,10,15,216,1603,2569,76,11,56
icd,icd-l64-c33.result.json,5,5,20,17,27,10,10,15,216,1627,2611,75,17,45
icd,icd-l64-c5.result.json,5,5,20,17,27,10,10,15,216,1603,2569,69,10,50
icd,icd-l67-c37.result.json,6,6,20,16,23,10,10,12,321,2201,3493,100,23,66
icd,icd-l67-c48.result.json,5,5,20,15,21,10,9,11,246,1823,2899,76,17,50
icd,icd-l68-c17.result.json,5,5,20,15,21,10,9,11,246,1823,2899,84,11,64
icd,icd-l68-c27.result.json,3,5,20,16,23,10,10,13,246,1948,3185,91,18,42
icd,icd-l68-c5.result.json,5,5,20,16,23,10,10,12,246,1823,2899,71,11,51
icd,icd-l69-c18.result.json,5,5,20,17,27,10,10,15,216,1603,2569,70,11,49
icd,icd-l69-c5.result.json,5,5,20,17,27,10,10,15,216,1603,2569,70,11,50
icd,icd-l70-c22.result.json,5,5,20,17,27,10,10,15,216,1603,2569,80,21,49
icd,icd-l70-c5.result.json,5,5,20,17,27,10,10,15,216,1603,2569,72,10,51
icd,icd-l71-c27.result.json,5,5,20,17,27,10,10,15,216,1603,2569,75,10,54
icd,icd-l71-c5.result.json,5,5,20,17,27,10,10,15,216,1603,2569,70,10,50
icd,icd-l72-c25.result.json,5,5,20,17,27,10,10,15,216,1603,2569,70,10,49
icd,icd-l72-c5.result.json,5,5,20,17,27,10,10,15,216,1603,2569,69,10,51
icd,icd-l73-c20.result.json,5,5,20,17,27,10,10,15,216,1579,2534,94,11,53
icd,icd-l73-c5.result.json,5,5,20,17,27,10,10,15,216,1603,2569,72,10,50
icd,icd-l74-c17.result.json,4,4,20,17,25,10,10,13,141,1362,2267,39,13,17
icd,icd-l74-c25.result.json,6,6,20,16,25,10,10,11,321,2201,3493,82,11,64
icd,icd-l74-c5.result.json,5,5,20,16,23,10,10,12,246,1823,2899,71,11,50
icd,icd-l77-c38.result.json,6,6,20,16,25,10,10,12,321,2201,3493,81,12,61
icd,icd-l77-c49.result.json,5,5,20,16,23,10,10,12,246,1823,2899,92,13,69
icd,icd-l78-c22.result.json,5,5,20,16,23,10,10,12,246,1823,2899,91,11,68
icd,icd-l78-c4.result.json,5,5,20,15,21,10,9,11,246,1823,2899,72,10,51
icd,icd-l78-c47.result.json,5,5,20,16,23,10,10,12,246,1823,2899,69,10,49
icd,icd-l79-c8.result.json,5,5,20,17,27,10,10,15,216,1603,2569,68,10,48
icd,icd-l80-c18.result.json,5,5,20,17,27,10,10,15,216,1603,2569,73,11,51
icd,icd-l80-c5.result.json,5,5,20,17,27,10,10,15,216,1603,2569,69,10,49
icd,icd-l81-c22.result.json,5,5,20,17,27,10,10,15,216,1603,2569,71,10,50
icd,icd-l81-c5.result.json,5,5,20,17,27,10,10,15,216,1603,2569,68,11,48
icd,icd-l82-c27.result.json,5,5,20,17,27,10,10,15,216,1603,2569,69,10,49
icd,icd-l82-c35.result.json,5,5,20,17,27,10,10,15,216,1627,2611,61,10,42
icd,icd-l82-c5.result.json,5,5,20,17,27,10,10,15,216,1603,2569,67,10,48
icd,icd-l83-c25.result.json,5,5,20,17,27,10,10,15,216,1603,2569,68,10,49
icd,icd-l83-c5.result.json,5,5,20,17,27,10,10,15,216,1603,2569,85,11,64
icd,icd-l84-c20.result.json,5,5,20,17,27,10,10,15,216,1579,2534,83,10,43
icd,icd-l84-c5.result.json,5,5,20,17,27,10,10,15,216,1603,2569,66,10,48
icd,icd-l85-c17.result.json,4,4,20,17,27,10,10,13,132,1296,2168,34,9,15
icd,icd-l85-c25.result.json,5,5,20,17,27,10,10,15,216,1603,2569,68,10,49
icd,icd-l85-c33.result.json,5,5,20,17,27,10,10,15,216,1627,2611,61,10,42
icd,icd-l85-c5.result.json,5,5,20,17,27,10,10,15,216,1603,2569,68,10,49
icd,icd-l88-c18.result.json,5,5,20,17,27,10,10,15,216,1603,2569,70,10,50
icd,icd-l88-c5.result.json,5,5,20,17,27,10,10,15,216,1603,2569,86,11,66
icd,icd-l89-c27.result.json,5,5,20,17,27,10,10,15,216,1603,2569,73,10,51
icd,icd-l89-c5.result.json,5,5,20,17,27,10,10,15,216,1603,2569,68,10,48
icd,icd-l90-c22.result.json,5,5,20,17,27,10,10,15,216,1603,2569,70,10,52
icd,icd-l90-c5.result.json,5,5,20,17,27,10,10,15,216,1603,2569,70,9,50
icd,icd-l91-c25.result.json,5,5,20,17,27,10,10,15,216,1603,2569,69,10,50
icd,icd-l91-c5.result.json,5,5,20,17,27,10,10,15,216,1603,2569,89,25,53
icd,icd-l92-c5.result.json,5,5,20,17,27,10,10,15,216,1603,2569,79,11,57
java_meta_model,java_meta_model-l101-c5.result.json,0,0,26,12,18,21,0,0,191,2812,4849,289,260,0
java_meta_model,java_meta_model-l108-c15.result.json,4,4,26,22,31,21,12,12,215,2930,5009,230,44,170
java_meta_model,java_meta_model-l108-c28.result.json,7,7,26,22,31,21,13,13,275,3217,5401,466,40,422
java_meta_model,java_meta_model-l109-c32.result.json,5,5,26,23,34,21,15,18,261,3228,5450,298,47,141
java_meta_model,java_meta_model-l109-c34.result.json,0,0,26,12,18,21,0,0,191,2812,4849,34,32,0
java_meta_model,java_meta_model-l109-c46.result.json,3,3,26,22,31,21,12,12,212,2957,5069,80,37,39
java_meta_model,java_meta_model-l109-c54.result.json,0,0,26,23,37,21,15,21,191,2812,4849,32,31,0
java_meta_model,java_meta_model-l12-c44.result.json,5,5,26,22,31,21,13,13,191,2824,4870,174,31,140
java_meta_model,java_meta_model-l131-c66.result.json,2,2,26,23,34,21,15,18,191,2812,4849,99,27,68
java_meta_model,java_meta_model-l131-c75.result.json,2,2,26,23,37,21,14,21,191,2812,4849,95,29,62
java_meta_model,java_meta_model-l135-c19.result.json,5,5,26,22,31,21,13,13,201,2862,4920,235,27,99
java_meta_model,java_meta_model-l135-c21.result.json,4,4,26,22,31,21,13,13,197,2845,4894,96,29,63
java_meta_model,java_meta_model-l139-c26.result.json,1,1,26,23,37,21,14,19,191,2812,4849,53,25,24
java_meta_model,java_meta_model-l139-c39.result.json,1,1,26,23,37,21,15,21,191,2812,4849,92,26,62
java_meta_model,java_meta_model-l139-c47.result.json,1,1,26,23,34,21,15,18,191,2812,4849,96,25,67
java_meta_model,java_meta_model-l144-c44.result.json,6,7,26,18,29,21,6,8,296,3549,5925,260,27,230
java_meta_model,java_meta_model-l144-c52.result.json,6,7,26,18,29,21,6,8,296,3549,5925,252,31,217
java_meta_model,java_meta_model-l144-c63.result.json,3,5,26,18,29,21,5,7,261,3344,5635,222,27,97
java_meta_model,java_meta_model-l144-c69.result.json,4,4,26,18,29,21,6,8,233,3138,5340,128,25,100
java_meta_model,java_meta_model-l144-c71.result.json,5,5,26,18,29,21,5,7,261,3324,5599,227,27,195
java_meta_model,java_meta_model-l150-c11.result.json,0,0,26,23,34,21,16,19,191,2812,4849,22,21,0
java_meta_model,java_meta_model-l150-c23.result.json,4,4,26,21,33,21,11,15,209,2906,4979,82,26,51
java_meta_model,java_meta_model-l151-c114.result.json,0,0,26,23,37,21,14,21,191,2812,4849,22,21,0
java_meta_model,java_meta_model-l151-c117.result.json,0,0,26,23,34,21,14,17,191,2812,4849,22,21,0
java_meta_model,java_meta_model-l151-c133.result.json,0,0,26,12,18,21,0,0,191,2812,4849,24,24,0
java_meta_model,java_meta_model-l151-c35.result.json,0,0,26,12,18,21,0,0,191,2812,4849,25,24,0
java_meta_model,java_meta_model-l151-c50.result.json,0,0,26,23,37,21,15,22,191,2812,4849,22,21,0
java_meta_model,java_meta_model-l151-c67.result.json,1,1,26,23,34,21,15,18,191,2812,4849,159,33,26
java_meta_model,java_meta_model-l151-c70.result.json,1,1,26,23,37,21,15,21,191,2812,4849,205,20,181
java_meta_model,java_meta_model-l151-c78.result.json,1,1,26,12,18,21,0,0,191,2812,4849,87,21,61
java_meta_model,java_meta_model-l151-c86.result.json,1,1,26,12,18,21,0,0,191,2812,4849,208,22,182
java_meta_model,java_meta_model-l154-c10.result.json,4,4,26,21,33,21,10,14,209,2906,4979,89,26,59
java_meta_model,java_meta_model-l155-c34.result.json,0,0,26,12,18,21,0,0,191,2812,4849,24,23,0
java_meta_model,java_meta_model-l155-c50.result.json,1,2,26,21,36,21,11,17,201,2925,5064,133,23,12
java_meta_model,java_meta_model-l155-c53.result.json,8,8,26,20,33,21,10,14,471,4478,7205,327,31,293
java_meta_model,java_meta_model-l155-c61.result.json,4,4,26,21,36,21,11,18,251,3194,5381,83,25,53
java_meta_model,java_meta_model-l155-c69.result.json,8,8,26,21,33,21,9,12,471,4478,7205,341,28,309
java_meta_model,java_meta_model-l16-c35.result.json,5,5,26,20,28,21,7,7,191,2824,4870,122,25,96
java_meta_model,java_meta_model-l162-c10.result.json,4,4,26,21,33,21,8,11,209,2906,4979,81,25,53
java_meta_model,java_meta_model-l163-c101.result.json,1,1,26,23,37,21,15,21,191,2812,4849,83,19,60
java_meta_model,java_meta_model-l163-c116.result.json,0,0,26,23,37,21,15,22,191,2812,4849,20,19,0
java_meta_model,java_meta_model-l163-c35.result.json,0,0,26,23,34,21,16,20,191,2812,4849,20,19,0
java_meta_model,java_meta_model-l163-c50.result.json,0,0,26,23,37,21,14,19,191,2812,4849,21,20,0
java_meta_model,java_meta_model-l163-c67.result.json,1,1,26,23,34,21,16,19,191,2812,4849,146,21,24
java_meta_model,java_meta_model-l163-c70.result.json,1,1,26,23,37,21,14,21,191,2812,4849,220,21,196
java_meta_model,java_meta_model-l163-c78.result.json,1,1,26,23,37,21,15,22,191,2812,4849,86,20,60
java_meta_model,java_meta_model-l163-c86.result.json,1,1,26,23,37,21,14,21,191,2812,4849,185,20,161
java_meta_model,java_meta_model-l163-c98.result.json,1,1,26,23,34,21,16,19,191,2812,4849,211,20,85
java_meta_model,java_meta_model-l168-c7.result.json,4,4,26,22,31,21,12,12,209,2906,4979,80,23,53
java_meta_model,java_meta_model-l169-c101.result.json,1,1,26,23,34,21,16,19,191,2812,4849,149,23,15
java_meta_model,java_meta_model-l169-c104.result.json,1,1,26,23,37,21,15,21,191,2812,4849,49,23,23
java_meta_model,java_meta_model-l169-c117.result.json,2,2,26,23,37,21,15,21,191,2812,4849,83,22,58
java_meta_model,java_meta_model-l169-c36.result.json,0,0,26,23,34,21,15,18,191,2812,4849,21,20,0
java_meta_model,java_meta_model-l169-c50.result.json,0,0,26,23,34,21,16,19,191,2812,4849,23,22,0
java_meta_model,java_meta_model-l169-c66.result.json,0,0,26,23,37,21,15,21,191,2812,4849,120,21,0
java_meta_model,java_meta_model-l169-c69.result.json,1,1,26,23,37,21,15,21,191,2812,4849,93,29,61
java_meta_model,java_meta_model-l169-c77.result.json,1,1,26,12,18,21,0,0,191,2812,4849,52,23,24
java_meta_model,java_meta_model-l169-c89.result.json,2,2,26,23,34,21,15,18,191,2812,4849,78,22,53
java_meta_model,java_meta_model-l176-c10.result.json,4,4,26,23,34,21,15,18,209,2906,4979,74,22,48
java_meta_model,java_meta_model-l177-c115.result.json,0,0,26,23,37,21,14,19,191,2812,4849,21,20,0
java_meta_model,java_meta_model-l177-c118.result.json,0,0,26,12,18,21,0,0,191,2812,4849,21,21,0
java_meta_model,java_meta_model-l177-c133.result.json,0,0,26,23,34,21,16,19,191,2812,4849,22,21,0
java_meta_model,java_meta_model-l177-c35.result.json,0,0,26,23,34,21,16,19,191,2812,4849,20,20,0
java_meta_model,java_meta_model-l177-c49.result.json,0,0,26,23,37,21,15,22,191,2812,4849,20,19,0
java_meta_model,java_meta_model-l177-c64.result.json,1,1,26,23,37,21,15,20,191,2812,4849,122,21,0
java_meta_model,java_meta_model-l177-c67.result.json,1,1,26,23,37,21,14,20,191,2812,4849,105,26,75
java_meta_model,java_meta_model-l177-c75.result.json,1,1,26,23,37,21,15,21,191,2812,4849,54,24,24
java_meta_model,java_meta_model-l177-c87.result.json,2,2,26,23,37,21,15,22,191,2812,4849,80,24,53
java_meta_model,java_meta_model-l18-c28.result.json,5,5,26,20,28,21,8,8,191,2824,4870,108,24,83
java_meta_model,java_meta_model-l180-c11.result.json,4,4,26,22,31,21,12,12,209,2906,4979,78,25,50
java_meta_model,java_meta_model-l181-c115.result.json,0,0,26,23,34,21,16,19,191,2812,4849,23,23,0
java_meta_model,java_meta_model-l181-c118.result.json,0,0,26,12,18,21,0,0,191,2812,4849,34,33,0
java_meta_model,java_meta_model-l181-c133.result.json,0,0,26,23,37,21,15,21,191,2812,4849,26,25,0
java_meta_model,java_meta_model-l181-c35.result.json,0,0,26,23,37,21,14,20,191,2812,4849,22,21,0
java_meta_model,java_meta_model-l181-c49.result.json,0,0,26,12,18,21,0,0,191,2812,4849,21,20,0
java_meta_model,java_meta_model-l181-c64.result.json,1,1,26,23,34,21,16,19,191,2812,4849,122,22,0
java_meta_model,java_meta_model-l181-c67.result.json,1,1,26,23,34,21,15,18,191,2812,4849,89,23,62
java_meta_model,java_meta_model-l181-c75.result.json,1,1,26,23,37,21,14,20,191,2812,4849,49,21,23
java_meta_model,java_meta_model-l181-c87.result.json,1,2,26,12,18,21,0,0,191,2812,4849,77,22,53
java_meta_model,java_meta_model-l184-c12.result.json,0,0,26,23,37,21,15,21,191,2812,4849,21,21,0
java_meta_model,java_meta_model-l185-c115.result.json,0,0,26,23,37,21,14,20,191,2812,4849,21,20,0
java_meta_model,java_meta_model-l185-c118.result.json,0,0,26,23,34,21,16,19,191,2812,4849,21,20,0
java_meta_model,java_meta_model-l185-c133.result.json,0,0,26,12,18,21,0,0,191,2812,4849,29,28,0
java_meta_model,java_meta_model-l185-c35.result.json,0,0,26,23,37,21,15,21,191,2812,4849,24,23,0
java_meta_model,java_meta_model-l185-c49.result.json,0,0,26,23,34,21,16,19,191,2812,4849,23,22,0
java_meta_model,java_meta_model-l185-c64.result.json,1,1,26,23,34,21,16,19,191,2812,4849,122,22,0
java_meta_model,java_meta_model-l185-c67.result.json,1,1,26,23,37,21,15,21,191,2812,4849,88,24,60
java_meta_model,java_meta_model-l185-c75.result.json,1,1,26,23,37,21,14,20,191,2812,4849,49,21,24
java_meta_model,java_meta_model-l185-c87.result.json,1,2,26,12,18,21,0,0,191,2812,4849,80,23,54
java_meta_model,java_meta_model-l189-c37.result.json,5,5,26,18,26,21,5,5,231,3092,5260,246,26,115
java_meta_model,java_meta_model-l189-c39.result.json,7,7,26,22,31,21,12,12,275,3295,5527,258,24,228
java_meta_model,java_meta_model-l193-c28.result.json,8,8,26,24,42,21,14,22,602,8259,13940,305,50,252
java_meta_model,java_meta_model-l193-c51.result.json,0,0,26,23,37,21,15,21,191,2812,4849,24,23,0
java_meta_model,java_meta_model-l193-c60.result.json,0,0,26,23,37,21,15,22,191,2812,4849,21,20,0
java_meta_model,java_meta_model-l193-c69.result.json,0,0,26,23,37,21,15,21,191,2812,4849,20,19,0
java_meta_model,java_meta_model-l193-c81.result.json,0,0,26,23,34,21,16,19,191,2812,4849,20,20,0
java_meta_model,java_meta_model-l197-c38.result.json,5,5,26,22,31,21,13,13,231,3050,5176,218,24,82
java_meta_model,java_meta_model-l197-c40.result.json,8,8,26,23,36,21,14,18,490,7419,12624,299,45,251
java_meta_model,java_meta_model-l20-c18.result.json,5,5,26,20,28,21,8,8,191,2824,4870,112,25,85
java_meta_model,java_meta_model-l201-c11.result.json,5,5,26,20,28,21,7,7,191,2824,4870,208,25,84
java_meta_model,java_meta_model-l201-c18.result.json,9,9,26,23,34,21,15,18,191,2877,4968,329,24,302
java_meta_model,java_meta_model-l206-c17.result.json,9,9,26,22,31,21,13,13,299,3423,5694,358,27,328
java_meta_model,java_meta_model-l209-c17.result.json,9,9,26,22,31,21,14,14,299,3423,5694,331,26,302
java_meta_model,java_meta_model-l209-c32.result.json,9,9,26,23,34,21,15,17,299,3423,5694,333,27,303
java_meta_model,java_meta_model-l209-c43.result.json,5,5,26,21,33,21,11,15,221,3107,5304,209,25,82
java_meta_model,java_meta_model-l212-c11.result.json,5,5,26,20,28,21,8,8,191,2824,4870,231,23,112
java_meta_model,java_meta_model-l212-c17.result.json,8,8,26,22,37,21,14,19,322,6631,11623,271,45,224
java_meta_model,java_meta_model-l215-c35.result.json,8,8,26,22,35,21,13,14,490,7395,12645,294,44,247
java_meta_model,java_meta_model-l216-c36.result.json,9,9,26,22,31,21,14,14,407,3911,6350,326,26,297
java_meta_model,java_meta_model-l218-c11.result.json,0,0,26,23,37,21,15,21,191,2812,4849,120,23,0
java_meta_model,java_meta_model-l218-c17.result.json,9,9,26,22,37,21,14,18,322,6718,11814,375,43,330
java_meta_model,java_meta_model-l221-c32.result.json,9,9,26,22,34,21,14,16,407,4287,6990,359,27,329
java_meta_model,java_meta_model-l221-c39.result.json,9,9,26,23,34,21,14,16,407,4287,6990,322,28,291
java_meta_model,java_meta_model-l227-c27.result.json,6,6,26,18,29,21,6,8,281,3489,5850,283,25,255
java_meta_model,java_meta_model-l227-c36.result.json,6,6,26,18,29,21,6,8,281,3489,5850,257,24,230
java_meta_model,java_meta_model-l227-c45.result.json,6,6,26,18,29,21,6,8,281,3489,5850,278,25,251
java_meta_model,java_meta_model-l227-c52.result.json,3,5,26,18,29,21,5,8,251,3386,5714,210,25,83
java_meta_model,java_meta_model-l227-c55.result.json,6,6,26,18,29,21,6,8,281,3489,5850,258,24,232
java_meta_model,java_meta_model-l227-c63.result.json,4,4,26,18,29,21,5,8,227,3114,5310,102,23,78
java_meta_model,java_meta_model-l237-c6.result.json,9,9,26,22,37,21,14,18,322,6718,11814,384,43,339
java_meta_model,java_meta_model-l242-c34.result.json,8,8,26,22,36,21,14,16,490,7395,12645,276,45,228
java_meta_model,java_meta_model-l245-c29.result.json,9,9,26,23,34,21,16,18,407,4287,6990,347,27,317
java_meta_model,java_meta_model-l245-c36.result.json,9,9,26,22,34,21,14,17,407,4287,6990,327,26,298
java_meta_model,java_meta_model-l245-c46.result.json,9,9,26,22,34,21,14,16,407,4287,6990,354,28,323
java_meta_model,java_meta_model-l245-c63.result.json,9,9,26,22,34,21,13,15,407,4287,6990,328,26,298
java_meta_model,java_meta_model-l245-c79.result.json,9,9,26,22,37,21,14,19,407,4287,6990,346,26,316
java_meta_model,java_meta_model-l245-c83.result.json,3,5,26,20,33,21,9,13,251,3350,5630,202,25,83
java_meta_model,java_meta_model-l245-c85.result.json,9,9,26,22,34,21,13,15,407,4287,6990,350,28,318
java_meta_model,java_meta_model-l245-c90.result.json,5,5,26,20,36,21,8,14,251,3242,5458,118,26,90
java_meta_model,java_meta_model-l249-c20.result.json,9,9,26,23,34,21,15,17,299,3423,5694,335,25,307
java_meta_model,java_meta_model-l249-c40.result.json,9,9,26,23,37,21,16,22,299,3423,5694,341,52,287
java_meta_model,java_meta_model-l249-c55.result.json,9,9,26,22,34,21,14,17,299,3423,5694,315,25,287
java_meta_model,java_meta_model-l253-c28.result.json,9,9,26,22,34,21,12,14,839,6231,9618,826,27,795
java_meta_model,java_meta_model-l253-c35.result.json,9,9,26,23,34,21,15,18,839,6231,9618,759,26,730
java_meta_model,java_meta_model-l253-c44.result.json,9,9,26,23,34,21,14,16,839,6231,9618,797,26,767
java_meta_model,java_meta_model-l253-c60.result.json,9,9,26,22,34,21,14,16,839,6231,9618,789,26,759
java_meta_model,java_meta_model-l253-c77.result.json,9,9,26,23,34,21,14,16,839,6231,9618,824,28,792
java_meta_model,java_meta_model-l253-c81.result.json,3,5,26,20,33,21,10,14,371,3844,6285,345,22,224
java_meta_model,java_meta_model-l253-c83.result.json,9,9,26,23,34,21,14,16,839,6231,9618,880,36,840
java_meta_model,java_meta_model-l253-c88.result.json,5,5,26,21,36,21,9,15,371,3782,6188,254,26,225
java_meta_model,java_meta_model-l256-c28.result.json,9,9,26,23,34,21,15,17,623,5079,7998,347,31,313
java_meta_model,java_meta_model-l256-c35.result.json,9,9,26,22,34,21,14,17,623,5079,7998,376,28,345
java_meta_model,java_meta_model-l256-c45.result.json,9,9,26,22,34,21,14,17,623,5079,7998,331,28,300
java_meta_model,java_meta_model-l256-c60.result.json,9,9,26,22,34,21,14,16,623,5079,7998,360,28,329
java_meta_model,java_meta_model-l256-c77.result.json,9,9,26,23,34,21,15,18,623,5079,7998,328,32,293
java_meta_model,java_meta_model-l256-c81.result.json,3,5,26,21,36,21,9,15,311,3582,5972,214,27,90
java_meta_model,java_meta_model-l256-c83.result.json,9,9,26,22,34,21,13,15,623,5079,7998,339,29,307
java_meta_model,java_meta_model-l256-c88.result.json,5,5,26,20,36,21,10,17,311,3462,5738,117,26,90
java_meta_model,java_meta_model-l260-c102.result.json,9,9,26,23,34,21,16,18,2711,12495,20418,984,33,948
java_meta_model,java_meta_model-l260-c106.result.json,3,5,26,20,34,21,8,13,891,5584,9285,354,25,234
java_meta_model,java_meta_model-l260-c108.result.json,9,9,26,22,34,21,14,16,2711,12495,20418,903,33,866
java_meta_model,java_meta_model-l260-c113.result.json,5,5,26,20,33,21,8,12,891,5522,9188,252,26,224
java_meta_model,java_meta_model-l260-c28.result.json,9,9,26,23,34,21,14,16,2711,12495,20418,899,31,865
java_meta_model,java_meta_model-l260-c35.result.json,9,9,26,22,34,21,13,15,2711,12495,20418,874,42,828
java_meta_model,java_meta_model-l260-c45.result.json,9,9,26,22,34,21,14,16,2711,12495,20418,986,34,947
java_meta_model,java_meta_model-l260-c62.result.json,9,9,26,23,34,21,16,18,2711,12495,20418,879,32,843
java_meta_model,java_meta_model-l260-c79.result.json,9,9,26,22,34,21,14,16,2711,12495,20418,888,33,852
java_meta_model,java_meta_model-l260-c90.result.json,9,9,26,22,34,21,14,16,2711,12495,20418,976,32,940
java_meta_model,java_meta_model-l264-c29.result.json,1,1,26,23,37,21,14,21,191,2812,4849,219,22,93
java_meta_model,java_meta_model-l264-c35.result.json,1,1,26,23,37,21,15,22,191,2812,4849,227,20,85
java_meta_model,java_meta_model-l264-c38.result.json,1,1,26,12,18,21,0,0,191,2812,4849,175,21,151
java_meta_model,java_meta_model-l264-c56.result.json,1,1,26,23,37,21,15,21,191,2812,4849,213,21,89
java_meta_model,java_meta_model-l264-c59.result.json,1,1,26,23,37,21,15,22,191,2812,4849,170,20,145
java_meta_model,java_meta_model-l264-c76.result.json,1,1,26,23,37,21,15,21,191,2812,4849,216,20,85
java_meta_model,java_meta_model-l264-c79.result.json,1,1,26,23,37,21,14,20,191,2812,4849,88,20,64
java_meta_model,java_meta_model-l264-c95.result.json,1,1,26,12,18,21,0,0,191,2812,4849,218,22,93
java_meta_model,java_meta_model-l264-c98.result.json,1,1,26,23,37,21,15,22,191,2812,4849,173,22,148
java_meta_model,java_meta_model-l268-c27.result.json,6,6,26,18,29,21,6,9,281,3489,5850,287,27,257
java_meta_model,java_meta_model-l268-c35.result.json,6,6,26,18,29,21,6,8,281,3489,5850,270,28,239
java_meta_model,java_meta_model-l268-c44.result.json,6,6,26,18,29,21,6,9,281,3489,5850,327,29,295
java_meta_model,java_meta_model-l268-c51.result.json,3,5,26,18,29,21,5,8,251,3386,5714,228,26,99
java_meta_model,java_meta_model-l268-c54.result.json,6,6,26,18,29,21,6,8,281,3489,5850,298,28,267
java_meta_model,java_meta_model-l268-c62.result.json,4,4,26,18,29,21,6,9,227,3114,5310,107,24,82
java_meta_model,java_meta_model-l273-c18.result.json,9,9,26,22,31,21,14,14,515,4415,7034,344,27,314
java_meta_model,java_meta_model-l273-c38.result.json,9,9,26,22,31,21,12,12,515,4415,7034,315,26,286
java_meta_model,java_meta_model-l273-c53.result.json,9,9,26,22,31,21,14,14,515,4415,7034,374,30,341
java_meta_model,java_meta_model-l273-c58.result.json,5,5,26,22,31,21,11,11,281,3262,5464,244,30,113
java_meta_model,java_meta_model-l273-c81.result.json,9,9,26,22,31,21,14,14,515,4415,7034,367,27,336
java_meta_model,java_meta_model-l273-c83.result.json,0,0,26,23,37,21,15,21,191,2812,4849,25,24,0
java_meta_model,java_meta_model-l273-c95.result.json,9,9,26,22,31,21,14,14,515,4415,7034,355,29,322
java_meta_model,java_meta_model-l273-c97.result.json,4,4,26,21,33,21,10,13,245,3098,5249,103,25,73
java_meta_model,java_meta_model-l278-c32.result.json,1,1,26,23,37,21,15,21,191,2812,4849,193,27,47
java_meta_model,java_meta_model-l278-c35.result.json,1,1,26,23,34,21,16,19,191,2812,4849,91,27,60
java_meta_model,java_meta_model-l281-c24.result.json,9,9,26,22,31,21,14,14,407,3927,6378,394,27,364
java_meta_model,java_meta_model-l281-c39.result.json,9,9,26,23,37,21,16,22,407,3927,6378,366,26,336
java_meta_model,java_meta_model-l281-c4.result.json,9,9,26,22,31,21,12,12,407,3927,6378,360,52,305
java_meta_model,java_meta_model-l286-c2.result.json,9,9,26,22,31,21,12,12,407,3927,6378,370,29,338
java_meta_model,java_meta_model-l286-c29.result.json,9,9,26,23,34,21,16,18,407,3927,6378,352,27,323
java_meta_model,java_meta_model-l286-c34.result.json,5,5,26,23,37,21,15,20,251,3142,5288,210,24,91
java_meta_model,java_meta_model-l286-c7.result.json,5,5,26,22,31,21,12,12,251,3142,5288,204,25,84
java_meta_model,java_meta_model-l290-c18.result.json,9,9,26,22,31,21,14,14,515,4415,7034,404,26,375
java_meta_model,java_meta_model-l290-c38.result.json,9,9,26,23,34,21,15,17,515,4415,7034,322,26,293
java_meta_model,java_meta_model-l290-c53.result.json,9,9,26,23,34,21,15,17,515,4415,7034,367,30,334
java_meta_model,java_meta_model-l290-c58.result.json,5,5,26,22,31,21,11,11,281,3262,5464,233,30,93
java_meta_model,java_meta_model-l290-c81.result.json,9,9,26,22,31,21,14,14,515,4415,7034,381,31,346
java_meta_model,java_meta_model-l290-c83.result.json,0,0,26,12,18,21,0,0,191,2812,4849,24,23,0
java_meta_model,java_meta_model-l290-c95.result.json,9,9,26,22,31,21,14,14,515,4415,7034,338,29,306
java_meta_model,java_meta_model-l290-c97.result.json,4,4,26,22,31,21,12,12,245,3098,5249,83,26,53
java_meta_model,java_meta_model-l297-c27.result.json,4,4,26,21,36,21,9,15,245,3110,5249,103,25,75
java_meta_model,java_meta_model-l297-c35.result.json,8,8,26,21,33,21,11,15,443,4086,6589,298,25,270
java_meta_model,java_meta_model-l298-c41.result.json,4,4,26,21,36,21,11,18,245,3110,5249,76,24,49
java_meta_model,java_meta_model-l298-c55.result.json,8,8,26,22,36,21,11,16,443,4086,6589,286,27,256
java_meta_model,java_meta_model-l305-c4.result.json,3,3,26,18,26,21,5,5,209,2969,5096,47,22,23
java_meta_model,java_meta_model-l310-c6.result.json,4,4,26,22,31,21,13,13,227,3110,5312,72,23,47
java_meta_model,java_meta_model-l348-c19.result.json,9,9,26,22,31,21,14,14,299,3423,5694,366,26,337
java_meta_model,java_meta_model-l348-c37.result.json,9,9,26,23,37,21,16,22,299,3423,5694,324,26,296
java_meta_model,java_meta_model-l348-c58.result.json,9,9,26,22,31,21,14,14,299,3423,5694,418,32,383
java_meta_model,java_meta_model-l348-c79.result.json,9,9,26,22,31,21,14,14,299,3423,5694,366,28,335
java_meta_model,java_meta_model-l353-c37.result.json,9,9,26,22,31,21,14,14,407,3911,6350,369,26,340
java_meta_model,java_meta_model-l354-c35.result.json,8,8,26,22,35,21,14,15,490,7395,12645,286,44,239
java_meta_model,java_meta_model-l355-c35.result.json,8,8,26,22,31,21,13,13,359,3702,6089,274,25,247
java_meta_model,java_meta_model-l359-c33.result.json,1,1,26,23,34,21,15,18,191,2812,4849,82,24,54
java_meta_model,java_meta_model-l359-c46.result.json,1,1,26,23,34,21,16,19,191,2812,4849,107,25,79
java_meta_model,java_meta_model-l359-c60.result.json,1,1,26,23,37,21,15,22,191,2812,4849,79,24,52
java_meta_model,java_meta_model-l359-c68.result.json,1,1,26,23,37,21,14,20,191,2812,4849,80,24,52
java_meta_model,java_meta_model-l45-c25.result.json,5,5,26,20,28,21,8,8,191,2824,4870,105,25,78
java_meta_model,java_meta_model-l49-c38.result.json,5,5,26,22,31,21,12,12,191,2824,4870,117,26,89
java_meta_model,java_meta_model-l52-c29.result.json,5,5,26,22,31,21,13,13,191,2824,4870,119,24,93
java_meta_model,java_meta_model-l58-c40.result.json,5,5,26,22,31,21,14,14,191,2824,4870,110,27,81
java_meta_model,java_meta_model-l67-c28.result.json,5,5,26,22,31,21,13,13,191,2824,4870,106,24,81
java_meta_model,java_meta_model-l73-c39.result.json,5,5,26,20,28,21,7,7,191,2824,4870,145,27,116
java_meta_model,java_meta_model-l8-c38.result.json,5,5,26,22,31,21,13,13,191,2824,4870,123,27,95
java_meta_model,java_meta_model-l80-c49.result.json,4,4,26,21,33,21,11,16,227,3014,5135,102,28,71
java_meta_model,java_meta_model-l80-c56.result.json,8,8,26,21,33,21,9,13,359,3694,6057,363,34,326
java_meta_model,java_meta_model-l82-c48.result.json,8,8,26,21,33,21,11,14,359,3694,6057,333,25,305
java_meta_model,java_meta_model-l82-c61.result.json,4,4,26,21,33,21,9,13,227,3014,5135,77,24,49
java_meta_model,java_meta_model-l82-c69.result.json,8,8,26,21,33,21,9,12,359,3694,6057,324,26,294
java_meta_model,java_meta_model-l89-c15.result.json,4,4,26,21,33,21,10,13,215,2930,5009,83,29,50
java_meta_model,java_meta_model-l89-c27.result.json,6,6,26,21,33,21,10,14,251,3102,5244,225,27,195
java_meta_model,java_meta_model-l90-c34.result.json,5,5,26,21,36,21,10,17,261,3186,5366,253,29,102
java_meta_model,java_meta_model-l90-c36.result.json,0,0,26,23,37,21,14,19,191,2812,4849,29,28,0
java_meta_model,java_meta_model-l90-c49.result.json,3,3,26,21,36,21,11,19,212,2958,5067,63,29,30
java_meta_model,java_meta_model-l90-c57.result.json,0,0,26,12,18,21,0,0,191,2812,4849,28,27,0
java_meta_model,java_meta_model-l93-c59.result.json,8,8,26,21,33,21,11,15,359,3694,6057,358,31,323
java_meta_model,java_meta_model-l93-c72.result.json,4,4,26,22,36,21,11,18,227,3014,5135,82,26,52
java_meta_model,java_meta_model-l93-c86.result.json,8,8,26,22,36,21,11,17,359,3694,6057,322,27,292
java_meta_model,java_meta_model-l97-c5.result.json,0,0,26,23,34,21,15,18,191,2812,4849,26,23,0
modelo-alloy,modelo-alloy-l109-c23.result.json,5,5,40,17,26,27,3,6,588,9478,20736,850,75,753
modelo-alloy,modelo-alloy-l113-c22.result.json,5,5,40,18,24,27,3,4,588,9478,20736,480,63,404
modelo-alloy,modelo-alloy-l128-c24.result.json,5,5,40,21,30,27,9,13,748,10169,21735,434,47,353
modelo-alloy,modelo-alloy-l128-c37.result.json,2,2,40,18,30,27,9,17,604,9632,21118,658,47,218
modelo-alloy,modelo-alloy-l128-c39.result.json,5,5,40,18,24,27,10,13,748,10169,21735,349,44,277
modelo-alloy,modelo-alloy-l137-c26.result.json,3,4,40,21,35,27,11,19,684,10449,22707,675,43,232
modelo-alloy,modelo-alloy-l137-c29.result.json,5,5,40,20,34,27,10,18,748,10409,22155,315,43,246
modelo-alloy,modelo-alloy-l137-c51.result.json,3,4,40,22,33,27,11,17,684,10449,22707,633,40,221
modelo-alloy,modelo-alloy-l137-c54.result.json,5,5,40,18,30,27,8,15,748,10409,22155,309,48,236
modelo-alloy,modelo-alloy-l143-c27.result.json,1,1,40,14,18,27,3,3,588,9458,20702,381,40,92
modelo-alloy,modelo-alloy-l143-c29.result.json,3,3,40,25,50,27,18,28,612,9642,20978,288,54,216
modelo-alloy,modelo-alloy-l143-c39.result.json,5,5,40,22,34,27,14,19,668,9845,21257,310,59,222
modelo-alloy,modelo-alloy-l15-c18.result.json,5,5,40,16,22,27,3,3,588,9478,20736,260,38,218
modelo-alloy,modelo-alloy-l151-c38.result.json,3,3,40,23,39,27,14,22,636,9726,21092,281,41,220
modelo-alloy,modelo-alloy-l159-c20.result.json,4,4,40,22,37,27,11,16,612,9630,20978,195,39,142
modelo-alloy,modelo-alloy-l164-c16.result.json,2,2,40,17,26,27,4,5,588,9458,20702,43,35,0
modelo-alloy,modelo-alloy-l170-c25.result.json,3,3,40,23,43,27,16,25,612,9642,20978,280,43,224
modelo-alloy,modelo-alloy-l170-c39.result.json,4,4,40,20,33,27,13,20,612,9642,20978,138,42,80
modelo-alloy,modelo-alloy-l170-c63.result.json,2,2,40,13,15,27,2,3,588,9458,20702,39,37,0
modelo-alloy,modelo-alloy-l178-c16.result.json,0,0,40,14,20,27,1,1,588,9458,20702,46,38,0
modelo-alloy,modelo-alloy-l178-c34.result.json,0,0,40,13,15,27,2,2,588,9458,20702,40,37,0
modelo-alloy,modelo-alloy-l178-c7.result.json,2,2,40,22,40,27,12,19,604,9565,20875,117,40,65
modelo-alloy,modelo-alloy-l187-c16.result.json,0,0,40,15,22,27,1,1,588,9458,20702,43,35,0
modelo-alloy,modelo-alloy-l187-c25.result.json,2,2,40,22,34,27,12,16,620,9709,21105,76,41,22
modelo-alloy,modelo-alloy-l187-c7.result.json,2,2,40,20,31,27,11,16,620,9709,21105,130,41,79
modelo-alloy,modelo-alloy-l19-c16.result.json,5,5,40,24,32,27,13,18,588,9478,20736,260,44,213
modelo-alloy,modelo-alloy-l199-c47.result.json,2,2,40,24,42,27,14,20,604,9664,21042,451,38,171
modelo-alloy,modelo-alloy-l199-c50.result.json,3,3,40,24,39,27,14,19,636,9822,21260,246,41,187
modelo-alloy,modelo-alloy-l2-c87.result.json,5,5,40,23,33,27,10,14,588,9478,20736,277,40,228
modelo-alloy,modelo-alloy-l208-c21.result.json,5,5,40,20,30,27,10,15,668,9809,21215,303,40,241
modelo-alloy,modelo-alloy-l219-c26.result.json,3,4,40,24,38,27,15,25,684,10449,22707,625,40,210
modelo-alloy,modelo-alloy-l219-c29.result.json,5,5,40,22,38,27,14,25,748,10409,22155,321,39,255
modelo-alloy,modelo-alloy-l227-c15.result.json,5,5,40,22,30,27,14,20,908,11126,23192,548,45,231
modelo-alloy,modelo-alloy-l227-c18.result.json,5,5,40,21,39,27,13,20,908,11129,23195,331,44,259
modelo-alloy,modelo-alloy-l227-c7.result.json,5,5,40,21,35,27,11,21,908,11129,23195,295,40,228
modelo-alloy,modelo-alloy-l240-c32.result.json,5,5,40,19,29,27,2,2,828,10814,22756,274,39,227
modelo-alloy,modelo-alloy-l240-c34.result.json,0,0,40,16,20,27,3,3,588,9458,20702,39,37,0
modelo-alloy,modelo-alloy-l251-c46.result.json,3,3,40,23,44,27,16,24,612,9642,20978,286,45,223
modelo-alloy,modelo-alloy-l261-c14.result.json,0,0,40,17,23,27,3,5,588,9458,20702,38,36,0
modelo-alloy,modelo-alloy-l263-c11.result.json,0,0,40,16,22,27,2,2,588,9458,20702,42,40,0
modelo-alloy,modelo-alloy-l263-c29.result.json,0,0,40,13,20,27,2,3,588,9458,20702,40,38,0
modelo-alloy,modelo-alloy-l264-c7.result.json,0,0,40,16,23,27,4,9,588,9458,20702,38,37,0
modelo-alloy,modelo-alloy-l277-c53.result.json,0,0,40,14,17,27,3,3,588,9458,20702,40,39,0
modelo-alloy,modelo-alloy-l277-c55.result.json,0,0,40,13,17,27,1,1,588,9458,20702,42,40,0
modelo-alloy,modelo-alloy-l277-c67.result.json,0,0,40,20,30,27,8,15,588,9458,20702,41,39,0
modelo-alloy,modelo-alloy-l292-c30.result.json,3,3,40,21,35,27,14,21,612,9642,20978,253,43,197
modelo-alloy,modelo-alloy-l292-c39.result.json,5,5,40,24,39,27,13,21,668,9845,21257,323,40,260
modelo-alloy,modelo-alloy-l300-c22.result.json,1,1,40,15,22,27,3,3,588,9458,20702,401,35,73
modelo-alloy,modelo-alloy-l300-c25.result.json,1,1,40,14,17,27,3,4,588,9458,20702,126,36,73
modelo-alloy,modelo-alloy-l300-c47.result.json,1,1,40,14,18,27,3,3,588,9458,20702,450,38,104
modelo-alloy,modelo-alloy-l300-c50.result.json,1,1,40,17,25,27,3,7,588,9458,20702,124,36,71
modelo-alloy,modelo-alloy-l301-c17.result.json,1,2,40,17,26,27,2,5,588,9458,20702,110,39,54
modelo-alloy,modelo-alloy-l301-c32.result.json,1,1,40,15,21,27,3,6,588,9458,20702,120,35,71
modelo-alloy,modelo-alloy-l301-c42.result.json,2,2,40,15,19,27,2,2,588,9458,20702,101,37,54
modelo-alloy,modelo-alloy-l301-c7.result.json,1,1,40,14,19,27,2,2,588,9458,20702,170,45,111
modelo-alloy,modelo-alloy-l314-c21.result.json,0,0,40,12,14,27,1,1,588,9458,20702,42,40,0
modelo-alloy,modelo-alloy-l314-c45.result.json,0,0,40,18,22,27,3,5,588,9458,20702,45,43,0
modelo-alloy,modelo-alloy-l314-c75.result.json,0,0,40,18,25,27,3,5,588,9458,20702,38,37,0
modelo-alloy,modelo-alloy-l324-c41.result.json,5,5,40,19,23,27,10,13,748,10409,22155,299,38,235
modelo-alloy,modelo-alloy-l324-c52.result.json,5,5,40,20,28,27,10,13,748,10409,22155,342,39,275
modelo-alloy,modelo-alloy-l332-c21.result.json,1,1,40,16,24,27,3,7,588,9458,20702,131,42,75
modelo-alloy,modelo-alloy-l332-c34.result.json,1,1,40,14,22,27,3,7,588,9458,20702,139,39,77
modelo-alloy,modelo-alloy-l343-c23.result.json,5,5,40,18,32,27,10,18,668,9809,21215,336,45,267
modelo-alloy,modelo-alloy-l353-c26.result.json,3,3,40,26,48,27,18,25,612,9642,20978,266,43,208
modelo-alloy,modelo-alloy-l353-c35.result.json,5,5,40,22,37,27,14,19,668,9845,21257,298,43,231
modelo-alloy,modelo-alloy-l363-c24.result.json,1,1,40,17,24,27,2,2,588,9458,20702,127,41,72
modelo-alloy,modelo-alloy-l363-c40.result.json,1,1,40,18,29,27,7,11,588,9458,20702,128,42,71
modelo-alloy,modelo-alloy-l363-c55.result.json,1,1,40,14,21,27,3,4,588,9458,20702,159,36,108
modelo-alloy,modelo-alloy-l363-c8.result.json,1,1,40,17,24,27,3,4,588,9458,20702,123,36,73
modelo-alloy,modelo-alloy-l371-c18.result.json,5,5,40,21,31,27,10,15,668,9809,21215,302,43,235
modelo-alloy,modelo-alloy-l382-c34.result.json,1,1,40,15,25,27,2,3,588,9458,20702,133,42,76
modelo-alloy,modelo-alloy-l382-c47.result.json,1,1,40,14,24,27,6,9,588,9458,20702,131,38,79
modelo-alloy,modelo-alloy-l398-c44.result.json,3,3,40,24,41,27,16,26,612,9642,20978,268,42,212
modelo-alloy,modelo-alloy-l399-c47.result.json,3,3,40,23,37,27,14,17,612,9642,20978,253,45,194
modelo-alloy,modelo-alloy-l404-c46.result.json,2,2,40,24,35,27,15,20,604,9664,21042,433,44,147
modelo-alloy,modelo-alloy-l404-c49.result.json,3,3,40,24,44,27,14,20,636,9822,21260,279,45,219
modelo-alloy,modelo-alloy-l416-c18.result.json,5,5,40,24,41,27,13,27,668,9845,21257,310,45,239
modelo-alloy,modelo-alloy-l416-c9.result.json,3,3,40,26,43,27,18,26,612,9642,20978,323,52,256
modelo-alloy,modelo-alloy-l428-c22.result.json,5,5,40,25,39,27,14,24,748,10511,22321,619,48,273
modelo-alloy,modelo-alloy-l428-c24.result.json,0,0,40,13,23,27,1,1,588,9458,20702,40,39,0
modelo-alloy,modelo-alloy-l428-c41.result.json,0,0,40,15,20,27,2,2,588,9458,20702,41,40,0
modelo-alloy,modelo-alloy-l428-c43.result.json,5,5,40,19,34,27,9,15,748,10169,21735,288,41,223
modelo-alloy,modelo-alloy-l435-c30.result.json,0,0,40,14,16,27,3,3,588,9458,20702,37,36,0
modelo-alloy,modelo-alloy-l435-c32.result.json,0,0,40,17,24,27,4,6,588,9458,20702,35,33,0
modelo-alloy,modelo-alloy-l435-c44.result.json,0,0,40,15,21,27,2,2,588,9458,20702,40,39,0
modelo-alloy,modelo-alloy-l443-c14.result.json,3,3,40,16,27,27,3,3,588,9461,20706,64,39,22
modelo-alloy,modelo-alloy-l444-c20.result.json,1,1,40,14,20,27,1,1,588,9458,20702,159,39,106
modelo-alloy,modelo-alloy-l452-c52.result.json,0,0,40,13,18,27,3,3,588,9458,20702,35,34,0
modelo-alloy,modelo-alloy-l452-c54.result.json,0,0,40,16,34,27,7,15,588,9458,20702,38,37,0
modelo-alloy,modelo-alloy-l452-c66.result.json,0,0,40,19,37,27,8,17,588,9458,20702,40,39,0
modelo-alloy,modelo-alloy-l463-c24.result.json,5,5,40,19,29,27,9,13,748,10169,21735,295,45,227
modelo-alloy,modelo-alloy-l463-c37.result.json,2,2,40,18,33,27,9,19,604,9632,21118,571,44,155
modelo-alloy,modelo-alloy-l463-c39.result.json,5,5,40,20,30,27,10,17,748,10169,21735,337,38,273
modelo-alloy,modelo-alloy-l470-c26.result.json,3,4,40,24,37,27,15,24,684,10449,22707,638,41,206
modelo-alloy,modelo-alloy-l470-c29.result.json,5,5,40,20,37,27,11,21,748,10409,22155,292,37,229
modelo-alloy,modelo-alloy-l470-c51.result.json,3,4,40,23,40,27,12,22,684,10449,22707,620,45,197
modelo-alloy,modelo-alloy-l470-c54.result.json,5,5,40,21,36,27,13,24,748,10409,22155,322,43,251
modelo-alloy,modelo-alloy-l475-c30.result.json,3,3,40,23,43,27,16,19,612,9642,20978,251,40,197
modelo-alloy,modelo-alloy-l475-c39.result.json,5,5,40,24,35,27,12,18,668,9845,21257,293,39,230
modelo-alloy,modelo-alloy-l481-c23.result.json,5,5,40,19,30,27,10,16,668,9809,21215,339,36,279
modelo-alloy,modelo-alloy-l485-c20.result.json,5,5,40,19,32,27,10,16,668,9809,21215,278,38,216
modelo-alloy,modelo-alloy-l489-c18.result.json,5,5,40,21,34,27,10,21,668,9809,21215,288,35,229
modelo-alloy,modelo-alloy-l495-c27.result.json,3,3,40,25,39,27,14,18,612,9642,20978,318,42,262
modelo-alloy,modelo-alloy-l495-c45.result.json,0,0,40,17,25,27,2,2,588,9458,20702,46,44,0
modelo-alloy,modelo-alloy-l498-c27.result.json,3,3,40,23,37,27,15,20,612,9642,20978,282,46,221
modelo-alloy,modelo-alloy-l498-c45.result.json,0,0,40,16,29,27,7,12,588,9458,20702,40,38,0
modelo-alloy,modelo-alloy-l5-c74.result.json,5,5,40,17,24,27,3,6,588,9498,20772,259,38,213
modelo-alloy,modelo-alloy-l83-c23.result.json,5,5,40,19,25,27,3,5,588,9478,20736,285,39,243
modelo-alloy,modelo-alloy-l92-c18.result.json,5,5,40,24,37,27,14,20,588,9478,20736,242,38,201
