frankervrep,frankervrep-l103-c32.result.json,4,4,52,47,60,16,15,34,135,1056,2196,744,78,612
frankervrep,frankervrep-l107-c27.result.json,4,4,52,48,62,16,15,34,135,1056,2196,418,50,338
frankervrep,frankervrep-l109-c28.result.json,4,4,52,48,62,16,15,34,135,1056,2196,393,50,306
frankervrep,frankervrep-l113-c31.result.json,4,4,52,48,62,16,15,34,135,1056,2196,311,36,248
frankervrep,frankervrep-l117-c34.result.json,4,4,52,48,62,16,15,34,135,1056,2196,300,38,232
frankervrep,frankervrep-l12-c40.result.json,4,4,52,48,62,16,15,34,135,1056,2196,288,37,226
frankervrep,frankervrep-l122-c41.result.json,0,0,52,48,62,16,15,34,135,1055,2196,55,33,0
frankervrep,frankervrep-l125-c30.result.json,4,4,52,48,62,16,15,34,135,1056,2196,283,38,218
frankervrep,frankervrep-l13-c32.result.json,4,4,52,48,62,16,15,34,135,1056,2196,276,33,220
frankervrep,frankervrep-l130-c3.result.json,5,5,52,48,62,16,15,34,255,1659,3092,222,45,154
frankervrep,frankervrep-l136-c21.result.json,3,3,52,48,62,16,15,34,151,1222,2467,145,44,78
frankervrep,frankervrep-l14-c30.result.json,4,4,52,48,62,16,15,34,135,1056,2196,274,35,215
frankervrep,frankervrep-l141-c41.result.json,5,5,52,48,62,16,15,34,175,1152,2317,314,43,248
frankervrep,frankervrep-l146-c21.result.json,4,4,52,48,62,16,15,34,135,1056,2196,333,37,221
frankervrep,frankervrep-l146-c29.result.json,5,5,52,48,62,16,15,34,135,1059,2203,146,52,71
frankervrep,frankervrep-l15-c32.result.json,4,4,52,48,62,16,15,34,135,1056,2196,283,35,224
frankervrep,frankervrep-l151-c50.result.json,2,2,52,47,60,16,15,34,145,1121,2300,242,47,140
frankervrep,frankervrep-l151-c52.result.json,3,3,52,47,60,16,15,34,145,1137,2322,132,40,70
frankervrep,frankervrep-l157-c67.result.json,1,1,52,48,62,16,15,34,135,1055,2196,155,31,100
frankervrep,frankervrep-l157-c69.result.json,5,5,52,48,62,16,15,34,243,1891,3516,216,44,150
frankervrep,frankervrep-l16-c24.result.json,4,4,52,48,62,16,15,34,135,1056,2196,268,33,213
frankervrep,frankervrep-l162-c40.result.json,3,3,52,48,62,16,15,34,189,1249,2494,285,41,191
frankervrep,frankervrep-l162-c42.result.json,4,4,52,48,62,16,15,34,189,1221,2445,159,40,97
frankervrep,frankervrep-l170-c11.result.json,5,5,52,48,62,16,15,34,135,1063,2210,214,42,146
frankervrep,frankervrep-l171-c10.result.json,5,5,52,48,62,16,15,34,135,1063,2210,196,33,137
frankervrep,frankervrep-l172-c10.result.json,5,5,52,48,62,16,15,34,135,1063,2210,196,36,138
frankervrep,frankervrep-l173-c23.result.json,4,4,52,48,62,16,15,34,135,1056,2196,303,32,215
frankervrep,frankervrep-l173-c35.result.json,5,5,52,48,62,16,15,34,135,1091,2260,160,45,93
frankervrep,frankervrep-l174-c18.result.json,4,4,52,48,62,16,15,34,135,1056,2196,310,31,215
frankervrep,frankervrep-l174-c30.result.json,5,5,52,48,62,16,15,34,135,1091,2260,148,35,91
frankervrep,frankervrep-l175-c22.result.json,4,4,52,48,62,16,15,34,135,1056,2196,305,31,210
frankervrep,frankervrep-l175-c36.result.json,2,2,52,48,62,16,15,34,135,1055,2196,121,31,68
frankervrep,frankervrep-l176-c14.result.json,4,4,52,48,62,16,15,34,135,1056,2196,325,36,225
frankervrep,frankervrep-l176-c28.result.json,2,2,52,47,60,16,15,34,135,1055,2196,121,31,68
frankervrep,frankervrep-l178-c22.result.json,0,0,52,48,62,16,15,34,135,1055,2196,53,32,0
frankervrep,frankervrep-l178-c34.result.json,5,5,52,48,62,16,15,34,135,1091,2260,152,31,99
frankervrep,frankervrep-l179-c16.result.json,0,0,52,48,62,16,15,34,135,1055,2196,51,31,0
frankervrep,frankervrep-l179-c28.result.json,5,5,52,48,62,16,15,34,135,1091,2260,152,37,94
frankervrep,frankervrep-l180-c18.result.json,0,0,52,48,62,16,15,34,135,1055,2196,52,30,0
frankervrep,frankervrep-l180-c32.result.json,2,2,52,48,62,16,15,34,135,1055,2196,120,30,68
frankervrep,frankervrep-l184-c16.result.json,4,4,52,48,62,16,15,34,135,1056,2196,304,30,210
frankervrep,frankervrep-l184-c28.result.json,5,5,52,48,62,16,15,34,135,1091,2260,151,31,97
frankervrep,frankervrep-l185-c13.result.json,4,4,52,48,62,16,15,34,135,1056,2196,298,31,214
frankervrep,frankervrep-l185-c27.result.json,2,2,52,48,62,16,15,34,135,1055,2196,124,32,70
frankervrep,frankervrep-l189-c16.result.json,4,4,52,48,62,16,15,34,135,1056,2196,302,32,215
frankervrep,frankervrep-l189-c28.result.json,4,4,52,48,62,16,15,34,135,1056,2196,313,38,209
frankervrep,frankervrep-l189-c40.result.json,5,5,52,48,62,16,15,34,135,1091,2260,145,30,93
frankervrep,frankervrep-l19-c29.result.json,4,4,52,49,64,16,15,34,135,1033,2159,264,30,213
frankervrep,frankervrep-l193-c46.result.json,4,5,52,48,62,16,15,34,199,1453,2810,160,43,96
frankervrep,frankervrep-l193-c57.result.json,4,4,52,47,60,16,15,34,231,1620,3060,310,42,213
frankervrep,frankervrep-l193-c59.result.json,4,5,52,48,62,16,15,34,199,1453,2810,149,31,94
frankervrep,frankervrep-l20-c25.result.json,4,4,52,48,62,16,15,34,135,1056,2196,265,31,213
frankervrep,frankervrep-l208-c10.result.json,4,4,52,48,62,16,15,34,135,1059,2203,156,36,99
frankervrep,frankervrep-l209-c15.result.json,3,3,52,48,62,16,15,34,135,1078,2236,127,41,65
frankervrep,frankervrep-l21-c28.result.json,4,4,52,48,62,16,15,34,135,1056,2196,265,36,203
frankervrep,frankervrep-l211-c18.result.json,5,5,52,47,60,16,15,34,135,1064,2211,202,40,141
frankervrep,frankervrep-l215-c43.result.json,0,0,52,48,62,16,15,34,135,1055,2196,50,30,0
frankervrep,frankervrep-l216-c15.result.json,4,4,52,48,62,16,15,34,231,1596,3018,308,48,209
frankervrep,frankervrep-l216-c23.result.json,5,5,52,48,62,16,15,34,183,1419,2770,132,40,70
frankervrep,frankervrep-l217-c35.result.json,4,4,52,47,60,16,15,34,175,1346,2642,133,45,67
frankervrep,frankervrep-l22-c30.result.json,4,4,52,48,62,16,15,34,135,1056,2196,260,36,202
frankervrep,frankervrep-l221-c13.result.json,4,4,52,47,60,16,15,34,135,1082,2240,145,30,93
frankervrep,frankervrep-l222-c18.result.json,3,3,52,48,62,16,15,34,135,1078,2236,125,31,67
frankervrep,frankervrep-l228-c21.result.json,3,3,52,48,62,16,15,34,143,1138,2331,128,39,68
frankervrep,frankervrep-l228-c39.result.json,3,4,52,48,62,16,15,34,183,1422,2790,330,41,236
frankervrep,frankervrep-l228-c47.result.json,5,5,52,48,62,16,15,34,159,1239,2488,145,41,83
frankervrep,frankervrep-l234-c21.result.json,3,3,52,48,62,16,15,34,143,1138,2331,119,29,69
frankervrep,frankervrep-l234-c39.result.json,3,4,52,48,62,16,15,34,183,1422,2790,318,31,235
frankervrep,frankervrep-l234-c47.result.json,5,5,52,48,62,16,15,34,159,1239,2488,126,31,74
frankervrep,frankervrep-l4-c22.result.json,4,4,52,48,62,16,15,34,135,1056,2196,262,31,209
frankervrep,frankervrep-l49-c29.result.json,4,4,52,47,60,16,15,34,135,1056,2196,262,30,210
frankervrep,frankervrep-l5-c23.result.json,4,4,52,48,62,16,15,34,135,1056,2196,264,33,210
frankervrep,frankervrep-l71-c30.result.json,4,4,52,47,60,16,15,34,135,1056,2196,260,30,208
frankervrep,frankervrep-l72-c37.result.json,4,4,52,48,62,16,15,32,135,1056,2196,262,30,209
frankervrep,frankervrep-l73-c29.result.json,4,4,52,46,58,16,15,34,135,1079,2233,259,30,207
frankervrep,frankervrep-l74-c30.result.json,4,4,52,48,62,16,15,34,135,1056,2196,258,30,207
frankervrep,frankervrep-l75-c22.result.json,4,4,52,48,62,16,15,34,135,1056,2196,256,30,205
frankervrep,frankervrep-l76-c32.result.json,4,4,52,48,62,16,15,34,135,1056,2196,258,31,206
frankervrep,frankervrep-l8-c31.result.json,4,4,52,48,62,16,15,34,135,1056,2196,258,30,206
frankervrep,frankervrep-l80-c34.result.json,4,4,52,48,62,16,15,34,135,1056,2196,257,29,206
frankervrep,frankervrep-l84-c21.result.json,4,4,52,49,64,16,15,34,135,1033,2159,257,30,204
frankervrep,frankervrep-l85-c22.result.json,4,4,52,47,60,16,15,34,135,1079,2233,260,31,207
frankervrep,frankervrep-l88-c45.result.json,4,4,52,48,62,16,15,34,135,1056,2196,275,37,217
frankervrep,frankervrep-l89-c38.result.json,4,4,52,48,62,16,15,34,135,1056,2196,262,38,203
frankervrep,frankervrep-l9-c32.result.json,4,4,52,48,62,16,15,34,135,1056,2196,267,36,210
frankervrep,frankervrep-l90-c32.result.json,4,4,52,48,62,16,15,34,135,1056,2196,258,30,200
frankervrep,frankervrep-l91-c32.result.json,4,4,52,48,62,16,15,34,135,1033,2159,258,30,200
frankervrep,frankervrep-l92-c41.result.json,4,4,52,48,62,16,15,34,135,1056,2196,259,31,207
frankervrep,frankervrep-l94-c35.result.json,4,4,52,48,62,16,15,34,135,1056,2196,264,30,212
git,git-l10-c28.result.json,5,5,10,8,10,17,2,2,256,2710,4434,395,57,316
git,git-l105-c33.result.json,3,4,10,8,11,17,4,4,298,2929,4722,108,50,41
git,git-l105-c44.result.json,5,5,10,8,11,17,3,3,396,3502,5482,305,42,101
git,git-l105-c74.result.json,4,5,10,8,11,17,4,4,340,3185,5068,112,41,62
git,git-l105-c87.result.json,4,5,10,8,11,17,4,4,340,3185,5068,109,37,64
git,git-l109-c28.result.json,3,4,10,5,6,17,2,2,280,2842,4641,69,39,24
git,git-l109-c65.result.json,3,4,10,5,6,17,2,2,280,2842,4641,58,32,20
git,git-l109-c69.result.json,3,5,10,7,9,17,4,4,376,3654,6223,280,35,103
git,git-l109-c72.result.json,5,6,10,9,11,17,5,5,340,3062,4905,111,39,64
git,git-l113-c27.result.json,3,5,10,6,8,17,2,2,376,3512,5639,133,41,89
git,git-l113-c33.result.json,2,4,10,6,8,17,3,3,328,4191,8211,215,28,59
git,git-l113-c56.result.json,3,5,10,6,8,17,2,2,376,3512,5639,92,30,60
git,git-l113-c62.result.json,2,4,10,6,8,17,3,3,328,4191,8211,217,28,58
git,git-l118-c27.result.json,3,5,10,6,8,17,2,2,376,3512,5639,76,27,47
git,git-l118-c33.result.json,2,4,10,6,8,17,3,3,328,4191,8211,246,27,75
git,git-l118-c56.result.json,5,6,10,8,11,17,6,6,340,3256,5239,84,36,37
git,git-l122-c28.result.json,5,6,10,8,11,17,6,6,340,3256,5239,72,29,33
git,git-l122-c42.result.json,5,6,10,8,11,17,6,6,340,3256,5239,70,27,33
git,git-l122-c58.result.json,5,6,10,8,11,17,6,6,340,3256,5239,94,37,46
git,git-l122-c71.result.json,5,6,10,8,11,17,6,6,340,3256,5239,81,37,34
git,git-l126-c28.result.json,4,5,10,8,11,17,4,4,304,3046,4941,53,24,19
git,git-l126-c41.result.json,4,5,10,8,11,17,4,4,304,3046,4941,53,24,18
git,git-l136-c22.result.json,5,5,10,8,12,17,3,3,610,6251,10726,229,32,58
git,git-l136-c24.result.json,3,4,10,9,11,17,4,4,274,2807,4582,48,24,13
git,git-l141-c20.result.json,3,3,10,8,10,17,2,2,274,2874,4769,237,28,23
git,git-l141-c22.result.json,3,4,10,8,9,17,3,3,274,2807,4582,48,22,15
git,git-l150-c17.result.json,3,4,10,5,6,17,2,2,292,2834,4605,40,24,11
git,git-l150-c23.result.json,5,6,10,9,11,17,5,5,382,3258,5171,70,31,33
git,git-l150-c33.result.json,5,5,10,9,11,17,2,2,436,3482,5462,203,24,48
git,git-l150-c41.result.json,3,4,10,5,6,17,2,2,292,2834,4605,36,23,8
git,git-l154-c17.result.json,3,4,10,5,6,17,2,2,280,2782,4537,36,23,10
git,git-l154-c9.result.json,5,5,10,9,11,17,2,2,376,3230,5136,213,25,48
git,git-l158-c17.result.json,3,4,10,5,10,17,3,4,610,5949,9963,71,25,43
git,git-l158-c39.result.json,4,5,10,8,11,17,3,4,930,7941,12993,253,32,215
git,git-l158-c44.result.json,4,5,10,7,11,17,4,5,930,8623,14875,385,49,205
git,git-l158-c52.result.json,3,4,10,5,10,17,3,4,610,5949,9963,72,26,42
git,git-l158-c58.result.json,5,6,10,9,13,17,5,6,810,7187,11837,208,55,146
git,git-l158-c68.result.json,5,6,10,9,13,17,5,5,810,7187,11837,196,51,139
git,git-l168-c16.result.json,3,4,10,7,8,17,2,2,292,2846,4627,37,23,10
git,git-l168-c20.result.json,5,5,10,9,11,17,3,3,436,3646,5774,212,24,57
git,git-l168-c32.result.json,1,3,10,4,4,17,1,1,256,2689,4404,22,20,0
git,git-l168-c35.result.json,5,6,10,9,11,17,6,6,382,3286,5225,67,27,31
git,git-l168-c47.result.json,1,1,10,4,4,17,1,1,256,2689,4404,158,22,20
git,git-l168-c54.result.json,3,4,10,7,8,17,2,2,292,2846,4627,33,21,9
git,git-l17-c17.result.json,5,5,10,8,10,17,2,2,256,2710,4434,79,23,54
git,git-l172-c16.result.json,3,4,10,8,10,17,3,3,292,2846,4627,35,22,9
git,git-l172-c20.result.json,5,5,10,9,11,17,3,3,436,3646,5774,206,26,49
git,git-l172-c31.result.json,5,6,10,10,13,17,7,7,382,3286,5225,63,24,30
git,git-l172-c43.result.json,5,5,10,9,11,17,2,2,436,3512,5516,224,28,49
git,git-l172-c50.result.json,3,4,10,8,10,17,3,3,292,2846,4627,35,22,9
git,git-l172-c58.result.json,5,6,10,10,13,17,7,7,382,3286,5225,63,23,30
git,git-l172-c66.result.json,5,5,10,9,11,17,2,2,436,3512,5516,198,23,42
git,git-l172-c73.result.json,3,4,10,8,10,17,3,3,292,2846,4627,34,22,8
git,git-l176-c11.result.json,3,4,10,5,6,17,2,2,280,2782,4537,46,34,8
git,git-l176-c16.result.json,1,1,10,4,4,17,1,1,256,2689,4404,157,22,17
git,git-l176-c23.result.json,3,4,10,5,6,17,2,2,280,2782,4537,34,22,8
git,git-l176-c6.result.json,2,4,10,5,5,17,2,2,268,2798,4577,28,21,4
git,git-l186-c11.result.json,5,6,10,9,11,17,5,5,340,3076,4933,63,27,31
git,git-l186-c22.result.json,5,5,10,9,11,17,2,2,376,3230,5136,193,24,46
git,git-l186-c29.result.json,4,5,10,5,6,17,3,3,304,2933,4762,55,23,27
git,git-l186-c8.result.json,3,4,10,5,6,17,2,2,280,2782,4537,31,19,8
git,git-l190-c10.result.json,4,5,10,5,6,17,3,3,304,2927,4750,40,20,17
git,git-l194-c15.result.json,3,4,10,8,10,17,4,4,288,2822,4585,32,19,9
git,git-l194-c25.result.json,5,6,10,9,11,17,5,5,368,3216,5101,58,23,29
git,git-l194-c36.result.json,5,5,10,8,9,17,3,3,416,3422,5362,197,24,42
git,git-l194-c42.result.json,3,4,10,8,10,17,4,4,288,2822,4585,47,24,19
git,git-l198-c15.result.json,3,4,10,8,10,17,4,4,288,2822,4585,33,21,8
git,git-l198-c25.result.json,5,6,10,9,11,17,5,5,368,3216,5101,60,26,29
git,git-l198-c33.result.json,5,6,10,9,11,17,5,5,368,3216,5101,62,26,31
git,git-l198-c44.result.json,5,5,10,8,9,17,3,3,416,3422,5362,196,25,43
git,git-l198-c50.result.json,3,4,10,8,10,17,4,4,288,2822,4585,47,35,8
git,git-l207-c11.result.json,5,5,10,9,11,17,2,2,376,3230,5136,180,24,44
git,git-l207-c17.result.json,3,4,10,5,6,17,2,2,280,2794,4561,35,22,9
git,git-l207-c6.result.json,4,5,10,5,6,17,3,3,304,2927,4750,43,23,17
git,git-l211-c12.result.json,5,5,10,9,11,17,2,2,376,3230,5136,193,24,44
git,git-l211-c17.result.json,3,4,10,5,6,17,2,2,280,2782,4537,35,22,8
git,git-l211-c19.result.json,3,4,10,8,9,17,3,3,292,2896,4806,47,22,12
git,git-l211-c7.result.json,3,4,10,5,6,17,2,2,280,2794,4561,33,21,8
git,git-l22-c16.result.json,5,5,10,8,10,17,2,2,256,2710,4434,66,22,41
git,git-l23-c15.result.json,5,5,10,8,10,17,2,2,256,2710,4434,82,25,55
git,git-l241-c28.result.json,4,5,10,8,11,17,3,4,436,3512,5519,77,25,45
git,git-l241-c32.result.json,3,5,10,7,9,17,4,4,436,3934,6603,200,26,44
git,git-l241-c38.result.json,3,4,10,5,6,17,2,2,292,2834,4605,34,21,8
git,git-l241-c54.result.json,3,4,10,5,5,17,2,2,310,2923,4716,57,25,13
git,git-l241-c59.result.json,4,5,10,5,6,17,3,3,328,3037,4898,47,23,19
git,git-l245-c108.result.json,4,5,10,8,11,17,3,3,616,4302,6563,123,28,59
git,git-l245-c112.result.json,2,4,10,7,9,17,3,3,364,3319,5473,340,25,18
git,git-l245-c119.result.json,0,0,10,4,4,17,1,1,256,2689,4404,23,21,0
git,git-l245-c122.result.json,3,4,10,7,7,17,2,2,364,3165,5039,72,23,13
git,git-l245-c138.result.json,3,4,10,7,7,17,2,2,364,3165,5039,40,22,13
git,git-l245-c143.result.json,0,0,10,4,4,17,1,1,256,2689,4404,23,21,0
git,git-l245-c164.result.json,5,6,10,9,11,17,5,5,508,3804,5892,79,30,42
git,git-l245-c28.result.json,4,5,10,8,11,17,3,4,616,4302,6563,78,26,44
git,git-l245-c32.result.json,3,5,10,7,9,17,4,4,616,4724,7647,201,28,43
git,git-l245-c38.result.json,3,4,10,7,8,17,2,2,328,2986,4804,34,21,8
git,git-l245-c50.result.json,5,6,10,9,11,17,5,5,508,3804,5892,65,30,30
git,git-l245-c55.result.json,4,5,10,7,8,17,3,3,400,3381,5366,45,24,17
git,git-l245-c58.result.json,4,5,10,8,9,17,1,1,472,3672,5732,75,24,26
git,git-l254-c11.result.json,4,5,10,7,7,17,1,1,400,3330,5249,66,24,25
git,git-l254-c15.result.json,3,4,10,5,7,17,4,4,400,3625,5932,263,24,28
git,git-l254-c22.result.json,2,4,10,5,7,17,4,4,400,3657,6038,255,25,25
git,git-l254-c30.result.json,3,4,10,5,6,17,2,2,304,2886,4673,33,21,8
git,git-l258-c11.result.json,4,5,10,8,11,17,3,3,496,3772,5859,78,25,45
git,git-l258-c15.result.json,3,5,10,7,9,17,4,4,496,4194,6943,211,25,56
git,git-l258-c23.result.json,3,4,10,5,6,17,2,2,304,2886,4673,33,22,8
git,git-l26-c21.result.json,5,5,10,8,10,17,2,2,256,2710,4434,64,22,40
git,git-l262-c6.result.json,3,5,10,8,12,17,4,4,850,8152,14797,285,37,53
git,git-l262-c8.result.json,3,4,10,8,9,17,3,3,328,3113,5012,45,23,13
git,git-l266-c18.result.json,0,0,10,4,4,17,1,1,256,2689,4404,24,22,0
git,git-l266-c24.result.json,3,4,10,8,10,17,4,4,288,2822,4585,34,22,8
git,git-l271-c22.result.json,0,0,10,4,4,17,1,1,256,2689,4404,22,20,0
git,git-l271-c28.result.json,3,4,10,8,12,17,4,4,296,2894,4685,40,23,10
git,git-l271-c55.result.json,0,0,10,4,4,17,1,1,256,2689,4404,21,19,0
git,git-l271-c61.result.json,0,0,10,4,4,17,1,1,256,2689,4404,21,19,0
git,git-l271-c82.result.json,3,4,10,8,11,17,4,4,316,3013,4836,41,23,12
git,git-l271-c92.result.json,3,4,10,9,13,17,5,5,316,3056,5014,50,23,14
git,git-l276-c111.result.json,3,4,10,8,11,17,4,4,316,3013,4836,43,23,15
git,git-l276-c124.result.json,0,0,10,4,4,17,1,1,256,2689,4404,24,23,0
git,git-l276-c23.result.json,0,0,10,4,4,17,1,1,256,2689,4404,22,21,0
git,git-l276-c29.result.json,3,4,10,8,12,17,4,4,296,2894,4685,52,33,12
git,git-l276-c57.result.json,0,0,10,4,4,17,1,1,256,2689,4404,27,25,0
git,git-l276-c63.result.json,0,0,10,4,4,17,1,1,256,2689,4404,33,30,0
git,git-l276-c84.result.json,3,4,10,8,11,17,4,4,316,3013,4836,43,25,13
git,git-l276-c94.result.json,3,4,10,9,13,17,5,5,316,3056,5014,51,25,13
git,git-l288-c20.result.json,5,5,10,9,11,17,2,2,496,3742,5802,192,25,42
git,git-l288-c28.result.json,3,4,10,5,6,17,2,2,304,2886,4673,34,22,8
git,git-l288-c9.result.json,5,6,10,9,11,17,5,5,424,3432,5395,78,27,45
git,git-l292-c18.result.json,2,4,10,5,6,17,1,1,364,3219,5158,39,22,13
git,git-l292-c22.result.json,2,2,10,8,10,17,3,3,292,2849,4637,28,22,4
git,git-l292-c24.result.json,5,6,10,9,12,17,5,5,508,3964,6165,63,27,30
git,git-l292-c32.result.json,5,6,10,8,10,17,4,4,508,3970,6270,71,26,30
git,git-l292-c43.result.json,4,5,10,7,8,17,1,1,616,4534,6943,83,40,42
git,git-l292-c52.result.json,4,5,10,8,12,17,3,3,616,4532,6959,73,26,42
git,git-l292-c62.result.json,4,4,10,9,12,17,2,2,472,3764,5878,67,25,25
git,git-l292-c65.result.json,5,6,10,9,12,17,5,5,508,3964,6165,70,31,33
git,git-l292-c7.result.json,2,4,10,5,6,17,1,1,364,3219,5158,44,23,17
git,git-l292-c77.result.json,5,5,10,9,12,17,2,2,616,4502,6902,217,27,49
git,git-l292-c88.result.json,4,5,10,8,10,17,3,3,400,3412,5400,50,26,19
git,git-l296-c20.result.json,2,4,10,5,6,17,1,1,364,3219,5158,44,24,14
git,git-l296-c24.result.json,4,5,10,7,8,17,1,1,616,4534,6943,214,25,46
git,git-l296-c35.result.json,4,5,10,8,10,17,3,3,400,3412,5400,45,23,17
git,git-l296-c45.result.json,0,0,10,4,4,17,1,1,256,2689,4404,20,19,0
git,git-l296-c8.result.json,2,4,10,5,6,17,1,1,364,3219,5158,51,23,25
git,git-l300-c22.result.json,2,4,10,5,6,17,1,1,328,3071,4968,36,21,12
git,git-l300-c9.result.json,2,4,10,5,6,17,1,1,328,3071,4968,35,19,12
git,git-l304-c16.result.json,3,5,10,5,6,17,2,2,352,3206,5159,41,20,16
git,git-l304-c6.result.json,3,5,10,5,6,17,2,2,352,3206,5159,43,22,17
git,git-l308-c18.result.json,2,4,10,5,6,17,1,1,328,3071,4968,39,23,12
git,git-l308-c7.result.json,2,4,10,5,6,17,1,1,328,3071,4968,37,21,13
git,git-l312-c16.result.json,2,4,10,5,6,17,1,1,328,3071,4968,38,21,12
git,git-l312-c6.result.json,2,4,10,5,6,17,1,1,328,3071,4968,37,21,12
git,git-l316-c8.result.json,4,5,10,5,6,17,3,3,304,2933,4762,56,25,16
git,git-l32-c17.result.json,5,5,10,8,10,17,2,2,256,2710,4434,66,21,44
git,git-l320-c8.result.json,4,5,10,5,6,17,3,3,304,2933,4762,41,21,16
git,git-l33-c19.result.json,5,5,10,8,10,17,2,2,256,2710,4434,62,20,39
git,git-l346-c18.result.json,5,5,10,9,11,17,2,2,496,3742,5802,202,25,41
git,git-l346-c26.result.json,3,4,10,5,6,17,2,2,304,2886,4673,34,22,8
git,git-l346-c7.result.json,5,6,10,9,11,17,5,5,424,3432,5395,75,26,43
git,git-l359-c47.result.json,3,4,10,8,9,17,4,4,286,2821,4572,39,22,12
git,git-l360-c50.result.json,5,5,10,8,9,17,4,5,356,3248,5184,189,23,41
git,git-l360-c58.result.json,3,4,10,8,10,17,4,4,276,2830,4621,35,23,8
git,git-l368-c12.result.json,4,5,10,5,6,17,3,3,304,2933,4762,40,21,16
git,git-l37-c17.result.json,5,5,10,8,10,17,2,2,256,2710,4434,65,22,42
git,git-l372-c24.result.json,2,4,10,8,10,17,2,2,346,3163,5096,56,25,24
git,git-l372-c30.result.json,5,6,10,10,14,17,7,7,466,3818,5995,84,39,35
git,git-l376-c24.result.json,2,4,10,8,10,17,2,2,346,3163,5096,45,24,16
git,git-l376-c33.result.json,3,5,10,8,10,17,3,3,376,3342,5353,43,22,17
git,git-l376-c43.result.json,3,5,10,8,10,17,3,3,376,3342,5353,42,22,17
git,git-l38-c19.result.json,5,5,10,8,10,17,2,2,256,2710,4434,62,21,39
git,git-l380-c24.result.json,2,4,10,8,10,17,2,2,346,3163,5096,50,35,12
git,git-l380-c34.result.json,2,4,10,8,10,17,2,2,346,3163,5096,43,24,14
git,git-l380-c45.result.json,2,4,10,8,10,17,2,2,346,3163,5096,37,21,12
git,git-l384-c24.result.json,2,4,10,8,10,17,2,2,346,3163,5096,49,23,22
git,git-l384-c33.result.json,2,4,10,8,10,17,2,2,346,3163,5096,37,21,12
git,git-l384-c43.result.json,2,4,10,8,10,17,2,2,346,3163,5096,39,22,13
git,git-l384-c53.result.json,0,0,10,4,4,17,1,1,256,2689,4404,22,21,0
git,git-l384-c58.result.json,0,0,10,4,4,17,1,1,256,2689,4404,21,19,0
git,git-l388-c24.result.json,2,4,10,8,10,17,2,2,346,3163,5096,39,23,13
git,git-l388-c30.result.json,5,6,10,10,14,17,7,7,466,3818,5995,84,26,49
git,git-l388-c42.result.json,3,4,10,8,10,17,3,3,346,3165,5072,39,21,12
git,git-l388-c47.result.json,2,4,10,8,10,17,2,2,346,3163,5096,39,21,13
git,git-l392-c24.result.json,2,4,10,8,10,17,2,2,346,3163,5096,38,22,12
git,git-l392-c35.result.json,2,4,10,8,10,17,2,2,346,3163,5096,38,22,13
git,git-l392-c47.result.json,2,4,10,8,10,17,2,2,346,3163,5096,37,21,13
git,git-l392-c51.result.json,3,5,10,8,12,17,2,2,556,4324,6709,274,26,51
git,git-l392-c58.result.json,3,5,10,8,12,17,2,2,556,4324,6709,255,25,42
git,git-l392-c61.result.json,5,6,10,10,14,17,6,6,466,3812,5983,61,27,29
git,git-l392-c69.result.json,3,4,10,8,10,17,3,3,346,3165,5072,51,22,23
git,git-l392-c74.result.json,2,4,10,8,10,17,2,2,346,3163,5096,38,21,13
git,git-l392-c79.result.json,1,1,10,4,4,17,1,1,256,2689,4404,22,20,0
git,git-l396-c22.result.json,2,4,10,5,6,17,1,1,328,3071,4968,37,22,12
git,git-l396-c9.result.json,2,4,10,5,6,17,1,1,328,3071,4968,41,21,16
git,git-l4-c19.result.json,5,5,10,8,10,17,2,2,256,2710,4434,65,22,41
git,git-l400-c18.result.json,2,4,10,5,6,17,1,1,328,3071,4968,38,23,12
git,git-l400-c7.result.json,2,4,10,5,6,17,1,1,328,3071,4968,38,22,12
git,git-l41-c19.result.json,5,5,10,8,10,17,2,2,256,2710,4434,63,22,39
git,git-l423-c18.result.json,5,5,10,9,11,17,2,2,496,3742,5802,216,24,47
git,git-l423-c24.result.json,3,4,10,5,6,17,2,2,304,2886,4673,34,21,8
git,git-l423-c7.result.json,5,6,10,9,11,17,5,5,424,3432,5395,64,26,33
git,git-l427-c15.result.json,5,5,10,8,9,17,3,3,456,3622,5602,222,30,50
git,git-l427-c21.result.json,3,4,10,8,10,17,4,4,296,2862,4633,41,26,11
git,git-l427-c24.result.json,5,6,10,9,11,17,5,5,396,3348,5255,69,24,40
git,git-l427-c37.result.json,5,6,10,9,11,17,5,5,396,3348,5255,58,24,28
git,git-l427-c4.result.json,5,6,10,9,11,17,5,5,396,3348,5255,59,24,28
git,git-l427-c48.result.json,5,5,10,8,9,17,3,3,456,3622,5602,315,24,161
git,git-l427-c54.result.json,3,4,10,8,10,17,4,4,296,2862,4633,36,23,10
git,git-l427-c57.result.json,4,5,10,8,9,17,4,4,376,3249,5126,53,22,25
git,git-l427-c67.result.json,4,5,10,9,11,17,3,3,376,3264,5156,61,23,25
git,git-l427-c90.result.json,4,4,10,8,9,17,4,4,376,3557,5644,177,23,26
git,git-l427-c98.result.json,3,4,10,8,10,17,4,4,296,2862,4633,34,21,9
git,git-l431-c10.result.json,4,4,10,8,9,17,4,4,376,3557,5644,237,23,33
git,git-l431-c18.result.json,3,4,10,8,10,17,4,4,296,2862,4633,33,21,8
git,git-l431-c26.result.json,5,6,10,9,11,17,5,5,396,3348,5255,61,25,31
git,git-l431-c37.result.json,5,5,10,8,9,17,3,3,456,3622,5602,224,30,49
git,git-l431-c43.result.json,3,4,10,8,10,17,4,4,296,2862,4633,42,26,11
git,git-l431-c46.result.json,4,5,10,8,9,17,4,4,376,3249,5126,58,25,28
git,git-l431-c56.result.json,4,5,10,9,11,17,3,3,376,3264,5156,65,26,26
git,git-l431-c70.result.json,5,6,10,9,11,17,5,5,396,3348,5255,59,24,30
git,git-l435-c109.result.json,3,4,10,8,9,17,4,4,286,2821,4572,177,25,27
git,git-l435-c120.result.json,5,5,10,8,9,17,3,3,356,3142,4982,245,23,46
git,git-l435-c126.result.json,3,4,10,9,12,17,3,3,316,2972,4782,182,25,32
git,git-l435-c129.result.json,4,5,10,8,9,17,4,4,316,2969,4768,56,22,28
git,git-l435-c96.result.json,4,5,10,8,9,17,4,4,316,2969,4768,57,23,28
git,git-l439-c121.result.json,4,5,10,8,9,17,3,3,448,3690,5741,67,24,25
git,git-l439-c125.result.json,0,0,10,4,4,17,1,1,256,2689,4404,36,35,0
git,git-l439-c133.result.json,3,4,10,8,10,17,4,4,320,3002,4830,37,24,10
git,git-l439-c14.result.json,3,4,10,8,10,17,4,4,320,3002,4830,33,21,8
git,git-l439-c142.result.json,0,0,10,4,4,17,1,1,256,2689,4404,21,20,0
git,git-l439-c149.result.json,0,0,10,4,4,17,1,1,256,2689,4404,20,19,0
git,git-l439-c18.result.json,5,5,10,8,9,17,3,3,576,4362,6637,69,24,43
git,git-l439-c30.result.json,0,0,10,4,4,17,1,1,256,2689,4404,21,19,0
git,git-l439-c32.result.json,3,4,10,8,9,17,4,4,352,3181,5064,42,24,12
git,git-l439-c40.result.json,0,0,10,4,4,17,1,1,256,2689,4404,21,20,0
git,git-l439-c62.result.json,4,5,10,8,9,17,3,3,448,3690,5741,67,23,28
git,git-l439-c66.result.json,0,0,10,4,4,17,1,1,256,2689,4404,20,19,0
git,git-l439-c74.result.json,3,4,10,8,10,17,4,4,320,3002,4830,47,36,8
git,git-l439-c80.result.json,0,0,10,4,4,17,1,1,256,2689,4404,27,24,0
git,git-l439-c82.result.json,3,4,10,8,9,17,4,4,352,3181,5064,49,27,16
git,git-l439-c90.result.json,0,0,10,4,4,17,1,1,256,2689,4404,26,24,0
git,git-l443-c18.result.json,2,4,10,8,10,17,3,3,352,3183,5098,47,28,15
git,git-l443-c22.result.json,2,2,10,8,10,17,3,3,288,2837,4617,34,26,6
git,git-l443-c24.result.json,5,6,10,9,12,17,5,5,480,3880,6025,74,28,40
git,git-l443-c7.result.json,2,4,10,8,10,17,3,3,352,3183,5098,41,24,13
git,git-l447-c22.result.json,2,4,10,8,10,17,3,3,352,3183,5098,40,22,15
git,git-l447-c26.result.json,2,2,10,8,10,17,3,3,288,2840,4629,26,21,4
git,git-l447-c28.result.json,5,6,10,9,12,17,5,5,480,3880,6025,75,38,31
git,git-l447-c39.result.json,4,5,10,8,10,17,3,3,576,4414,6743,72,26,44
git,git-l447-c62.result.json,4,5,10,9,12,17,5,5,384,3364,5320,47,24,17
git,git-l447-c9.result.json,2,4,10,8,10,17,3,3,352,3183,5098,38,21,13
git,git-l451-c16.result.json,3,5,10,5,6,17,2,2,352,3206,5159,43,23,17
git,git-l451-c6.result.json,3,5,10,5,6,17,2,2,352,3206,5159,47,24,19
git,git-l455-c20.result.json,2,4,10,5,6,17,1,1,328,3071,4968,44,21,17
git,git-l455-c8.result.json,2,4,10,5,6,17,1,1,328,3071,4968,37,21,12
git,git-l459-c16.result.json,2,4,10,5,6,17,1,1,328,3071,4968,38,22,12
git,git-l459-c6.result.json,2,4,10,5,6,17,1,1,328,3071,4968,37,19,13
git,git-l47-c3.result.json,2,3,10,5,5,17,1,1,280,2816,4582,42,36,4
git,git-l47-c8.result.json,3,4,10,5,6,17,2,2,304,2890,4682,34,22,8
git,git-l507-c104.result.json,1,2,10,4,4,17,1,1,256,2689,4404,40,21,13
git,git-l507-c127.result.json,1,2,10,4,4,17,1,1,256,2689,4404,40,22,13
git,git-l507-c137.result.json,1,2,10,4,4,17,1,1,256,2689,4404,41,20,8
git,git-l507-c60.result.json,1,2,10,4,4,17,1,1,256,2689,4404,35,21,8
git,git-l507-c71.result.json,1,1,10,4,4,17,1,1,256,2689,4404,201,24,25
git,git-l507-c77.result.json,1,2,10,4,4,17,1,1,256,2689,4404,40,25,11
git,git-l507-c80.result.json,1,2,10,4,4,17,1,1,256,2689,4404,51,28,15
git,git-l51-c15.result.json,4,5,10,5,6,17,3,3,304,2927,4750,51,24,23
git,git-l511-c30.result.json,5,6,10,9,11,17,5,5,452,3572,5563,61,24,31
git,git-l511-c41.result.json,5,5,10,8,9,17,3,3,536,3942,6042,203,24,42
git,git-l511-c47.result.json,3,4,10,8,10,17,4,4,312,2918,4707,33,21,8
git,git-l519-c18.result.json,2,4,10,5,6,17,1,1,364,3219,5158,48,22,23
git,git-l519-c22.result.json,2,2,10,8,10,17,3,3,292,2849,4637,28,22,4
git,git-l519-c31.result.json,3,5,10,5,6,17,1,1,472,3776,5891,66,24,25
git,git-l519-c34.result.json,5,6,10,8,10,17,4,4,508,3970,6270,71,25,31
git,git-l519-c7.result.json,2,4,10,5,6,17,1,1,364,3219,5158,37,21,12
git,git-l523-c22.result.json,2,4,10,5,6,17,1,1,364,3219,5158,44,27,13
git,git-l523-c26.result.json,2,2,10,5,6,17,1,1,292,2852,4649,26,20,4
git,git-l523-c42.result.json,2,2,10,5,6,17,1,1,292,2852,4649,26,20,4
git,git-l523-c9.result.json,2,4,10,5,6,17,1,1,364,3219,5158,37,21,12
git,git-l527-c16.result.json,3,5,10,5,6,17,2,2,352,3206,5159,48,22,21
git,git-l527-c6.result.json,3,5,10,5,6,17,2,2,352,3206,5159,43,22,17
git,git-l531-c18.result.json,2,4,10,5,6,17,1,1,328,3071,4968,38,21,13
git,git-l531-c7.result.json,2,4,10,5,6,17,1,1,328,3071,4968,48,25,18
git,git-l535-c20.result.json,2,4,10,5,6,17,1,1,328,3071,4968,37,21,13
git,git-l535-c8.result.json,2,4,10,5,6,17,1,1,328,3071,4968,36,20,12
git,git-l539-c16.result.json,2,4,10,5,6,17,1,1,328,3071,4968,37,20,12
git,git-l539-c6.result.json,2,4,10,5,6,17,1,1,328,3071,4968,38,21,12
git,git-l55-c21.result.json,5,6,10,10,13,17,7,7,508,3864,5995,63,24,30
git,git-l55-c6.result.json,5,5,10,8,12,17,4,4,616,4704,7393,284,29,49
git,git-l558-c13.result.json,2,2,10,10,15,17,5,5,296,3014,4881,160,24,23
git,git-l558-c32.result.json,4,5,10,10,15,17,5,5,656,5064,7757,252,28,42
git,git-l558-c40.result.json,3,4,10,10,16,17,5,5,336,3106,4968,36,23,8
git,git-l558-c54.result.json,5,6,10,10,15,17,6,6,536,4134,6305,60,25,30
git,git-l558-c64.result.json,5,6,10,10,15,17,5,5,416,3550,5648,53,23,17
git,git-l558-c7.result.json,4,5,10,10,15,17,4,4,656,4790,7163,69,25,43
git,git-l562-c18.result.json,3,4,10,8,11,17,4,4,316,3049,4866,42,23,14
git,git-l562-c29.result.json,5,5,10,7,10,17,3,3,456,3854,5878,67,24,41
git,git-l562-c32.result.json,3,4,10,8,11,17,4,4,316,3049,4866,52,23,15
git,git-l562-c43.result.json,5,5,10,7,10,17,3,3,456,3854,5878,68,24,42
git,git-l562-c46.result.json,0,0,10,4,4,17,1,1,256,2689,4404,21,20,0
git,git-l562-c57.result.json,0,0,10,4,4,17,1,1,256,2689,4404,23,21,0
git,git-l566-c11.result.json,2,4,10,8,9,17,3,3,280,2862,4667,30,23,5
git,git-l566-c16.result.json,3,4,10,8,10,17,3,3,304,2918,4731,35,23,8
git,git-l566-c6.result.json,5,5,10,9,13,17,3,3,850,7331,12286,239,60,42
git,git-l570-c53.result.json,4,5,10,10,15,17,5,5,448,3683,5738,57,25,26
git,git-l570-c64.result.json,0,0,10,4,4,17,1,1,256,2689,4404,21,20,0
git,git-l570-c67.result.json,4,5,10,10,15,17,5,5,448,3683,5738,57,23,26
git,git-l570-c78.result.json,1,1,10,4,4,17,1,1,256,2689,4404,172,24,21
git,git-l574-c103.result.json,1,1,10,4,4,17,1,1,530,5458,9198,303,25,90
git,git-l574-c111.result.json,1,2,10,4,4,17,1,1,530,5458,9198,69,22,44
git,git-l574-c124.result.json,1,1,10,4,4,17,1,1,530,5458,9198,297,23,85
git,git-l574-c78.result.json,0,0,10,4,4,17,1,1,530,5458,9198,26,25,0
git,git-l574-c84.result.json,1,1,10,4,4,17,1,1,530,5458,9198,240,26,98
git,git-l578-c119.result.json,5,6,10,10,16,17,6,6,1006,7909,12782,252,88,158
git,git-l578-c129.result.json,5,6,10,10,16,17,5,5,802,6917,11557,141,29,94
git,git-l578-c184.result.json,5,5,10,10,16,17,5,5,1210,9507,15544,466,54,212
git,git-l578-c21.result.json,5,5,10,10,16,17,5,5,1210,9507,15544,469,50,234
git,git-l578-c29.result.json,2,4,10,10,16,17,4,4,734,6498,10756,101,32,65
git,git-l578-c93.result.json,3,4,10,10,16,17,5,5,938,8012,13345,420,44,189
git,git-l58-c23.result.json,5,5,10,8,10,17,2,2,256,2710,4434,64,23,39
git,git-l582-c6.result.json,3,5,10,8,10,17,3,3,400,3454,5505,44,23,17
git,git-l586-c16.result.json,2,4,10,5,6,17,1,1,328,3071,4968,39,22,13
git,git-l586-c6.result.json,2,4,10,5,6,17,1,1,328,3071,4968,56,39,13
git,git-l59-c52.result.json,0,0,10,4,4,17,1,1,256,2689,4404,24,23,0
git,git-l611-c23.result.json,4,5,10,8,11,17,3,3,496,3870,5909,69,25,42
git,git-l611-c29.result.json,2,2,10,8,9,17,4,4,280,2888,4691,158,22,27
git,git-l611-c50.result.json,5,6,10,9,11,17,5,5,424,3488,5423,59,25,28
git,git-l611-c60.result.json,3,4,10,9,11,17,5,5,328,3068,5008,51,25,13
git,git-l615-c37.result.json,0,0,10,4,4,17,1,1,256,2689,4404,22,20,0
git,git-l615-c43.result.json,2,2,10,10,13,17,5,5,292,2952,4781,164,24,21
git,git-l615-c64.result.json,5,6,10,10,13,17,6,6,508,3882,5955,65,29,30
git,git-l615-c74.result.json,5,6,10,10,13,17,5,5,400,3406,5448,57,25,19
git,git-l619-c18.result.json,2,4,10,8,10,17,3,3,352,3183,5098,57,24,30
git,git-l619-c22.result.json,2,2,10,8,10,17,3,3,288,2837,4617,28,23,4
git,git-l619-c7.result.json,2,4,10,8,10,17,3,3,352,3183,5098,39,22,13
git,git-l63-c22.result.json,2,2,10,7,8,17,2,2,286,2899,4788,259,28,38
git,git-l63-c24.result.json,5,6,10,10,13,17,7,7,466,3668,5729,79,31,35
git,git-l63-c29.result.json,3,4,10,8,10,17,4,4,346,3154,5152,54,27,18
git,git-l63-c41.result.json,4,5,10,7,10,17,2,2,556,4156,6417,267,27,45
git,git-l63-c43.result.json,5,6,10,10,13,17,7,7,466,3668,5729,62,25,28
git,git-l67-c23.result.json,5,6,10,9,11,17,6,6,466,3668,5729,70,29,31
git,git-l67-c33.result.json,5,6,10,9,11,17,5,5,466,3662,5717,61,27,29
git,git-l71-c22.result.json,4,5,10,7,10,17,2,2,556,4156,6417,83,26,56
git,git-l71-c27.result.json,2,2,10,7,8,17,3,3,286,3019,5148,164,23,26
git,git-l71-c29.result.json,5,6,10,10,13,17,6,6,466,3662,5717,61,25,31
git,git-l71-c36.result.json,5,6,10,10,13,17,6,6,466,3662,5717,61,25,31
git,git-l87-c16.result.json,5,5,10,8,10,17,2,2,316,2954,4758,64,22,41
git,git-l87-c29.result.json,5,6,10,9,11,17,5,5,298,2898,4695,59,26,28
git,git-l91-c9.result.json,5,6,10,9,11,17,5,5,256,2716,4450,65,26,33
git,git-l95-c25.result.json,3,4,10,4,8,17,2,3,292,3161,5650,193,31,25
git,git-l95-c27.result.json,3,4,10,5,5,17,2,2,274,2779,4530,41,23,12
icd,icd-l113-c37.result.json,5,5,20,13,18,10,7,8,234,2924,4827,435,63,339
icd,icd-l113-c8.result.json,5,5,20,13,18,10,7,8,234,2924,4827,161,39,112
icd,icd-l117-c20.result.json,5,5,20,13,17,10,7,7,234,2724,4487,140,34,98
icd,icd-l117-c7.result.json,5,5,20,13,17,10,7,7,234,2724,4487,132,27,98
icd,icd-l124-c39.result.json,5,5,20,13,18,10,7,8,234,2924,4827,143,27,105
icd,icd-l124-c58.result.json,5,5,20,13,18,10,7,8,234,2890,4772,155,38,109
icd,icd-l125-c23.result.json,5,5,20,13,17,10,7,7,174,2410,4052,123,25,74
icd,icd-l125-c8.result.json,5,5,20,13,17,10,7,7,174,2444,4107,102,25,71
icd,icd-l126-c21.result.json,5,5,20,13,17,10,7,7,174,2410,4052,97,15,61
icd,icd-l126-c23.result.json,5,5,20,13,17,10,7,7,174,2444,4107,84,15,64
icd,icd-l126-c35.result.json,4,4,20,13,17,10,7,7,132,2256,3853,48,22,21
icd,icd-l126-c39.result.json,5,5,20,13,17,10,7,7,150,2332,3953,67,24,38
icd,icd-l13-c34.result.json,5,5,20,13,17,10,7,7,114,2140,3682,80,22,53
icd,icd-l16-c26.result.json,5,5,20,13,17,10,7,7,114,2140,3682,66,14,47
icd,icd-l19-c32.result.json,5,5,20,13,17,10,7,7,114,2140,3682,63,13,47
icd,icd-l25-c12.result.json,5,5,20,13,17,10,7,7,114,2140,3682,60,13,43
icd,icd-l26-c31.result.json,5,5,20,13,17,10,7,7,114,2140,3682,71,22,45
icd,icd-l27-c35.result.json,5,5,20,13,17,10,7,7,114,2140,3682,67,20,43
icd,icd-l38-c25.result.json,5,5,20,13,17,10,7,7,174,2444,4107,90,15,68
icd,icd-l4-c39.result.json,5,5,20,13,17,10,7,7,114,2140,3682,64,15,45
icd,icd-l41-c21.result.json,5,5,20,13,17,10,7,7,234,2724,4487,73,15,53
icd,icd-l41-c46.result.json,5,5,20,13,17,10,7,7,234,2724,4487,85,14,65
icd,icd-l41-c7.result.json,5,5,20,13,17,10,7,7,234,2724,4487,74,14,55
icd,icd-l42-c8.result.json,5,5,20,13,17,10,7,7,234,2724,4487,70,14,52
icd,icd-l43-c18.result.json,5,5,20,13,17,10,7,7,234,2690,4432,94,22,55
icd,icd-l43-c20.result.json,5,5,20,13,17,10,7,7,234,2724,4487,71,13,53
icd,icd-l43-c36.result.json,5,5,20,13,17,10,7,7,186,2495,4170,48,20,24
icd,icd-l44-c4.result.json,5,5,20,13,17,10,7,7,234,2724,4487,73,14,54
icd,icd-l47-c29.result.json,6,6,20,15,21,10,9,11,564,4722,7426,115,30,80
icd,icd-l47-c40.result.json,5,5,20,15,20,10,8,9,414,3836,6093,83,25,54
icd,icd-l48-c17.result.json,5,5,20,15,20,10,8,9,414,3836,6093,74,17,52
icd,icd-l48-c27.result.json,3,5,20,15,19,10,9,10,414,4077,6524,114,25,71
icd,icd-l48-c5.result.json,5,5,20,15,20,10,8,9,414,3836,6093,71,17,50
icd,icd-l49-c18.result.json,5,5,20,13,18,10,7,8,354,3484,5587,94,23,68
icd,icd-l49-c5.result.json,5,5,20,13,18,10,7,8,354,3484,5587,87,17,59
icd,icd-l50-c22.result.json,5,5,20,13,18,10,7,8,354,3484,5587,78,16,49
icd,icd-l50-c5.result.json,5,5,20,13,18,10,7,8,354,3484,5587,76,15,48
icd,icd-l51-c27.result.json,5,5,20,13,18,10,7,8,354,3484,5587,78,15,51
icd,icd-l51-c5.result.json,5,5,20,13,18,10,7,8,354,3484,5587,92,16,64
icd,icd-l52-c25.result.json,5,5,20,13,18,10,7,8,354,3484,5587,82,15,55
icd,icd-l52-c5.result.json,5,5,20,13,17,10,7,8,354,3484,5587,80,15,52
icd,icd-l53-c20.result.json,5,5,20,13,18,10,7,8,354,3450,5532,95,23,41
icd,icd-l53-c5.result.json,5,5,20,13,18,10,7,8,354,3484,5587,86,17,58
icd,icd-l54-c17.result.json,4,4,20,15,20,10,8,9,204,2707,4502,51,19,17
icd,icd-l54-c25.result.json,6,6,20,15,20,10,9,11,564,4722,7426,92,20,63
icd,icd-l54-c5.result.json,5,5,20,15,20,10,8,9,414,3836,6093,81,20,48
icd,icd-l57-c29.result.json,6,6,20,15,21,10,9,11,564,4722,7426,102,19,70
icd,icd-l57-c40.result.json,5,5,20,15,20,10,8,9,414,3836,6093,84,14,57
icd,icd-l57-c62.result.json,5,5,20,15,20,10,8,9,414,3836,6093,74,14,47
icd,icd-l58-c8.result.json,5,5,20,13,18,10,7,8,354,3484,5587,74,15,47
icd,icd-l59-c5.result.json,5,5,20,13,18,10,7,8,354,3484,5587,85,25,47
icd,icd-l6-c38.result.json,5,5,20,13,17,10,7,7,114,2140,3682,75,17,42
icd,icd-l60-c5.result.json,5,5,20,13,18,10,7,8,354,3484,5587,73,14,48
icd,icd-l61-c27.result.json,5,5,20,13,18,10,7,8,354,3484,5587,77,16,50
icd,icd-l61-c5.result.json,5,5,20,13,18,10,7,8,354,3484,5587,73,15,47
icd,icd-l62-c25.result.json,5,5,20,13,18,10,7,8,354,3484,5587,92,16,64
icd,icd-l62-c5.result.json,5,5,20,13,18,10,7,8,354,3484,5587,81,15,54
icd,icd-l63-c20.result.json,5,5,20,13,18,10,7,8,354,3450,5532,84,14,39
icd,icd-l63-c5.result.json,5,5,20,13,18,10,7,8,354,3484,5587,73,14,47
icd,icd-l64-c17.result.json,4,4,20,13,18,10,7,8,186,2575,4304,47,19,16
icd,icd-l64-c25.result.json,5,5,20,13,18,10,7,8,354,3484,5587,87,27,51
icd,icd-l64-c33.result.json,5,5,20,15,20,10,9,10,354,3508,5629,85,26,43
icd,icd-l64-c5.result.json,5,5,20,13,18,10,7,8,354,3484,5587,73,14,48
icd,icd-l67-c37.result.json,6,6,20,15,21,10,10,11,564,4722,7426,104,28,65
icd,icd-l67-c48.result.json,5,5,20,15,20,10,9,10,414,3836,6093,87,24,52
icd,icd-l68-c17.result.json,5,5,20,15,20,10,9,10,414,3836,6093,91,19,62
icd,icd-l68-c27.result.json,2,5,20,15,20,10,10,11,414,4101,6680,98,25,42
icd,icd-l68-c5.result.json,5,5,20,15,20,10,9,10,414,3836,6093,77,17,51
icd,icd-l69-c18.result.json,5,5,20,13,18,10,7,8,354,3484,5587,78,15,50
icd,icd-l69-c5.result.json,5,5,20,13,18,10,7,8,354,3484,5587,78,16,49
icd,icd-l70-c22.result.json,5,5,20,13,18,10,7,8,354,3484,5587,89,16,60
icd,icd-l70-c5.result.json,5,5,20,13,18,10,7,8,354,3484,5587,76,15,48
icd,icd-l71-c27.result.json,5,5,20,13,18,10,7,8,354,3484,5587,73,14,47
icd,icd-l71-c5.result.json,5,5,20,13,18,10,7,8,354,3484,5587,73,14,47
icd,icd-l72-c25.result.json,5,5,20,13,18,10,7,8,354,3484,5587,74,14,48
icd,icd-l72-c5.result.json,5,5,20,13,18,10,7,8,354,3484,5587,88,17,59
icd,icd-l73-c20.result.json,5,5,20,13,18,10,7,8,354,3450,5532,90,16,43
icd,icd-l73-c5.result.json,5,5,20,13,18,10,7,8,354,3484,5587,75,16,49
icd,icd-l74-c17.result.json,4,4,20,15,19,10,9,10,204,2707,4502,45,19,15
icd,icd-l74-c25.result.json,6,6,20,15,21,10,10,11,564,4722,7426,95,21,64
icd,icd-l74-c5.result.json,5,5,20,15,20,10,9,10,414,3836,6093,85,16,56
icd,icd-l77-c38.result.json,6,6,20,15,21,10,10,11,564,4722,7426,105,22,72
icd,icd-l77-c49.result.json,5,5,20,15,20,10,9,10,414,3836,6093,76,16,47
icd,icd-l78-c22.result.json,5,5,20,15,20,10,9,10,414,3836,6093,75,16,47
icd,icd-l78-c4.result.json,5,5,20,15,20,10,9,10,414,3836,6093,74,16,47
icd,icd-l78-c47.result.json,5,5,20,15,20,10,9,10,414,3836,6093,86,16,58
icd,icd-l79-c8.result.json,5,5,20,13,18,10,7,8,354,3484,5587,73,14,46
icd,icd-l80-c18.result.json,5,5,20,13,18,10,7,8,354,3484,5587,75,16,47
icd,icd-l80-c5.result.json,5,5,20,13,18,10,7,8,354,3484,5587,75,15,47
icd,icd-l81-c22.result.json,5,5,20,13,18,10,7,8,354,3484,5587,74,16,47
icd,icd-l81-c5.result.json,5,5,20,13,18,10,7,8,354,3484,5587,87,14,61
icd,icd-l82-c27.result.json,5,5,20,13,18,10,7,8,354,3484,5587,75,16,47
icd,icd-l82-c35.result.json,5,5,20,15,19,10,9,10,354,3508,5629,68,18,38
icd,icd-l82-c5.result.json,5,5,20,13,18,10,7,8,354,3484,5587,74,14,48
icd,icd-l83-c25.result.json,5,5,20,13,18,10,7,8,354,3484,5587,74,14,48
icd,icd-l83-c5.result.json,5,5,20,13,18,10,7,8,354,3484,5587,93,16,65
icd,icd-l84-c20.result.json,5,5,20,13,18,10,7,8,354,3450,5532,93,16,45
icd,icd-l84-c5.result.json,5,5,20,13,18,10,7,8,354,3484,5587,77,14,50
icd,icd-l85-c17.result.json,4,4,20,13,18,10,7,8,186,2575,4304,39,12,15
icd,icd-l85-c25.result.json,5,5,20,13,18,10,7,8,354,3484,5587,74,16,46
icd,icd-l85-c33.result.json,5,5,20,15,19,10,9,10,354,3508,5629,70,17,42
icd,icd-l85-c5.result.json,5,5,20,13,18,10,7,8,354,3484,5587,73,14,47
icd,icd-l88-c18.result.json,5,5,20,13,18,10,7,8,354,3484,5587,76,14,49
icd,icd-l88-c5.result.json,5,5,20,13,18,10,7,8,354,3484,5587,73,14,47
icd,icd-l89-c27.result.json,5,5,20,13,18,10,7,8,354,3484,5587,77,15,48
icd,icd-l89-c5.result.json,5,5,20,13,18,10,7,8,354,3484,5587,73,14,48
icd,icd-l90-c22.result.json,5,5,20,13,18,10,7,8,354,3484,5587,78,18,49
icd,icd-l90-c5.result.json,5,5,20,13,18,10,7,8,354,3484,5587,91,16,64
icd,icd-l91-c25.result.json,5,5,20,13,18,10,7,8,354,3484,5587,73,14,46
icd,icd-l91-c5.result.json,5,5,20,13,18,10,7,8,354,3484,5587,74,15,46
icd,icd-l92-c5.result.json,5,5,20,13,18,10,7,8,354,3484,5587,75,15,49
java_meta_model,java_meta_model-l101-c5.result.json,0,0,26,12,18,21,0,0,322,6595,11605,356,189,0
java_meta_model,java_meta_model-l108-c15.result.json,4,4,26,22,31,21,13,13,394,6941,12083,391,67,293
java_meta_model,java_meta_model-l108-c28.result.json,8,8,26,22,35,21,14,15,658,8179,13783,799,67,709
java_meta_model,java_meta_model-l109-c32.result.json,5,5,26,23,34,21,14,17,522,7585,12991,393,48,207
java_meta_model,java_meta_model-l109-c34.result.json,0,0,26,12,18,21,0,0,322,6595,11605,48,38,0
java_meta_model,java_meta_model-l109-c46.result.json,3,3,26,22,31,21,13,13,382,7040,12326,125,42,65
java_meta_model,java_meta_model-l109-c54.result.json,0,0,26,12,18,21,0,0,322,6595,11605,47,37,0
java_meta_model,java_meta_model-l12-c44.result.json,5,5,26,20,28,21,7,7,322,6609,11629,249,41,192
java_meta_model,java_meta_model-l131-c66.result.json,8,8,26,22,35,21,15,16,658,8751,14657,536,52,467
java_meta_model,java_meta_model-l131-c75.result.json,8,8,26,22,35,21,12,13,658,8751,14657,507,45,448
java_meta_model,java_meta_model-l135-c19.result.json,5,5,26,16,27,21,3,4,362,6857,11940,364,43,202
java_meta_model,java_meta_model-l135-c21.result.json,4,4,26,18,30,21,7,8,346,6725,11771,178,50,115
java_meta_model,java_meta_model-l139-c26.result.json,4,4,26,18,30,21,7,8,370,6933,12050,178,41,118
java_meta_model,java_meta_model-l139-c39.result.json,8,8,26,22,35,21,13,14,546,8191,13748,603,44,543
java_meta_model,java_meta_model-l139-c47.result.json,8,8,26,22,35,21,12,13,546,8191,13748,612,49,550
java_meta_model,java_meta_model-l144-c44.result.json,8,9,26,22,34,21,11,14,882,9973,16596,601,44,541
java_meta_model,java_meta_model-l144-c52.result.json,8,9,26,22,34,21,13,15,882,9973,16596,597,44,539
java_meta_model,java_meta_model-l144-c63.result.json,3,5,26,18,29,21,6,9,522,7987,13688,357,42,202
java_meta_model,java_meta_model-l144-c69.result.json,5,5,26,22,34,21,13,15,522,7837,13432,259,42,203
java_meta_model,java_meta_model-l144-c71.result.json,8,8,26,22,36,21,13,16,882,9955,16562,598,48,534
java_meta_model,java_meta_model-l150-c11.result.json,0,0,26,12,18,21,0,0,322,6595,11605,41,34,0
java_meta_model,java_meta_model-l150-c23.result.json,4,4,26,21,33,21,12,16,370,6821,11939,172,53,108
java_meta_model,java_meta_model-l151-c114.result.json,0,0,26,12,18,21,0,0,322,6595,11605,41,33,0
java_meta_model,java_meta_model-l151-c117.result.json,0,0,26,12,18,21,0,0,322,6595,11605,55,47,0
java_meta_model,java_meta_model-l151-c133.result.json,0,0,26,12,18,21,0,0,322,6595,11605,44,35,0
java_meta_model,java_meta_model-l151-c35.result.json,0,0,26,12,18,21,0,0,322,6595,11605,40,34,0
java_meta_model,java_meta_model-l151-c50.result.json,0,0,26,12,18,21,0,0,322,6595,11605,39,31,0
java_meta_model,java_meta_model-l151-c67.result.json,1,1,26,12,18,21,0,0,322,6595,11605,176,36,24
java_meta_model,java_meta_model-l151-c70.result.json,1,1,26,12,18,21,0,0,322,6595,11605,212,31,165
java_meta_model,java_meta_model-l151-c78.result.json,1,1,26,12,18,21,0,0,322,6595,11605,127,34,76
java_meta_model,java_meta_model-l151-c86.result.json,1,1,26,12,18,21,0,0,322,6595,11605,215,31,172
java_meta_model,java_meta_model-l154-c10.result.json,4,4,26,21,33,21,9,13,370,6821,11939,161,39,111
java_meta_model,java_meta_model-l155-c34.result.json,0,0,26,12,18,21,0,0,322,6595,11605,49,35,0
java_meta_model,java_meta_model-l155-c50.result.json,1,2,26,21,33,21,11,16,350,6865,12167,181,39,20
java_meta_model,java_meta_model-l155-c53.result.json,9,9,26,23,36,21,14,17,1330,12138,19696,766,47,704
java_meta_model,java_meta_model-l155-c61.result.json,4,4,26,21,33,21,9,12,490,7529,12917,164,42,109
java_meta_model,java_meta_model-l155-c69.result.json,9,9,26,23,36,21,14,17,1330,12138,19696,811,66,733
java_meta_model,java_meta_model-l16-c35.result.json,5,5,26,20,28,21,7,7,322,6609,11629,241,37,189
java_meta_model,java_meta_model-l162-c10.result.json,4,4,26,21,33,21,10,14,370,6821,11939,166,43,111
java_meta_model,java_meta_model-l163-c101.result.json,1,1,26,12,18,21,0,0,322,6595,11605,129,37,75
java_meta_model,java_meta_model-l163-c116.result.json,0,0,26,12,18,21,0,0,322,6595,11605,40,33,0
java_meta_model,java_meta_model-l163-c35.result.json,0,0,26,12,18,21,0,0,322,6595,11605,38,32,0
java_meta_model,java_meta_model-l163-c50.result.json,0,0,26,12,18,21,0,0,322,6595,11605,39,33,0
java_meta_model,java_meta_model-l163-c67.result.json,1,1,26,12,18,21,0,0,322,6595,11605,195,40,27
java_meta_model,java_meta_model-l163-c70.result.json,1,1,26,12,18,21,0,0,322,6595,11605,210,32,163
java_meta_model,java_meta_model-l163-c78.result.json,1,1,26,12,18,21,0,0,322,6595,11605,104,32,60
java_meta_model,java_meta_model-l163-c86.result.json,1,1,26,12,18,21,0,0,322,6595,11605,213,35,168
java_meta_model,java_meta_model-l163-c98.result.json,1,1,26,12,18,21,0,0,322,6595,11605,237,32,82
java_meta_model,java_meta_model-l168-c7.result.json,4,4,26,22,31,21,14,14,370,6821,11939,157,41,105
java_meta_model,java_meta_model-l169-c101.result.json,2,3,26,22,35,21,14,15,418,7341,12845,215,38,57
java_meta_model,java_meta_model-l169-c104.result.json,4,4,26,22,34,21,13,14,514,7701,13154,178,39,113
java_meta_model,java_meta_model-l169-c117.result.json,8,9,26,22,34,21,13,14,1218,11317,18213,606,44,547
java_meta_model,java_meta_model-l169-c36.result.json,0,0,26,12,18,21,0,0,322,6595,11605,41,33,0
java_meta_model,java_meta_model-l169-c50.result.json,0,0,26,12,18,21,0,0,322,6595,11605,39,32,0
java_meta_model,java_meta_model-l169-c66.result.json,0,0,26,12,18,21,0,0,322,6595,11605,168,33,0
java_meta_model,java_meta_model-l169-c69.result.json,9,9,26,22,34,21,13,14,1474,12654,20110,748,52,679
java_meta_model,java_meta_model-l169-c77.result.json,4,4,26,22,34,21,13,14,514,7701,13154,185,39,126
java_meta_model,java_meta_model-l169-c89.result.json,8,9,26,22,34,21,13,14,1218,11317,18213,597,46,539
java_meta_model,java_meta_model-l176-c10.result.json,4,4,26,22,31,21,13,13,370,6821,11939,152,37,103
java_meta_model,java_meta_model-l177-c115.result.json,0,0,26,12,18,21,0,0,322,6595,11605,41,33,0
java_meta_model,java_meta_model-l177-c118.result.json,0,0,26,12,18,21,0,0,322,6595,11605,39,32,0
java_meta_model,java_meta_model-l177-c133.result.json,0,0,26,12,18,21,0,0,322,6595,11605,53,47,0
java_meta_model,java_meta_model-l177-c35.result.json,0,0,26,12,18,21,0,0,322,6595,11605,42,32,0
java_meta_model,java_meta_model-l177-c49.result.json,0,0,26,12,18,21,0,0,322,6595,11605,39,33,0
java_meta_model,java_meta_model-l177-c64.result.json,1,1,26,12,18,21,0,0,322,6595,11605,147,32,0
java_meta_model,java_meta_model-l177-c67.result.json,9,9,26,22,34,21,14,15,1474,12654,20110,724,46,667
java_meta_model,java_meta_model-l177-c75.result.json,4,4,26,22,34,21,13,14,514,7701,13154,164,40,107
java_meta_model,java_meta_model-l177-c87.result.json,8,9,26,22,35,21,13,14,1218,11317,18213,613,50,552
java_meta_model,java_meta_model-l18-c28.result.json,5,5,26,20,28,21,7,7,322,6609,11629,262,38,208
java_meta_model,java_meta_model-l180-c11.result.json,4,4,26,22,31,21,14,14,370,6821,11939,158,39,108
java_meta_model,java_meta_model-l181-c115.result.json,0,0,26,12,18,21,0,0,322,6595,11605,41,33,0
java_meta_model,java_meta_model-l181-c118.result.json,0,0,26,12,18,21,0,0,322,6595,11605,38,32,0
java_meta_model,java_meta_model-l181-c133.result.json,0,0,26,12,18,21,0,0,322,6595,11605,39,32,0
java_meta_model,java_meta_model-l181-c35.result.json,0,0,26,12,18,21,0,0,322,6595,11605,41,34,0
java_meta_model,java_meta_model-l181-c49.result.json,0,0,26,12,18,21,0,0,322,6595,11605,52,46,0
java_meta_model,java_meta_model-l181-c64.result.json,1,1,26,12,18,21,0,0,322,6595,11605,157,35,0
java_meta_model,java_meta_model-l181-c67.result.json,9,9,26,22,34,21,13,14,1474,12654,20110,736,45,681
java_meta_model,java_meta_model-l181-c75.result.json,4,4,26,22,34,21,13,14,514,7701,13154,169,38,116
java_meta_model,java_meta_model-l181-c87.result.json,8,9,26,22,35,21,13,14,1218,11317,18213,645,43,589
java_meta_model,java_meta_model-l184-c12.result.json,0,0,26,12,18,21,0,0,322,6595,11605,42,34,0
java_meta_model,java_meta_model-l185-c115.result.json,0,0,26,12,18,21,0,0,322,6595,11605,38,32,0
java_meta_model,java_meta_model-l185-c118.result.json,0,0,26,12,18,21,0,0,322,6595,11605,39,32,0
java_meta_model,java_meta_model-l185-c133.result.json,0,0,26,12,18,21,0,0,322,6595,11605,41,33,0
java_meta_model,java_meta_model-l185-c35.result.json,0,0,26,12,18,21,0,0,322,6595,11605,41,34,0
java_meta_model,java_meta_model-l185-c49.result.json,0,0,26,12,18,21,0,0,322,6595,11605,41,34,0
java_meta_model,java_meta_model-l185-c64.result.json,1,1,26,12,18,21,0,0,322,6595,11605,162,49,0
java_meta_model,java_meta_model-l185-c67.result.json,9,9,26,22,34,21,13,14,1474,12654,20110,724,47,663
java_meta_model,java_meta_model-l185-c75.result.json,4,4,26,22,34,21,13,14,514,7701,13154,200,44,143
java_meta_model,java_meta_model-l185-c87.result.json,8,9,26,22,35,21,13,14,1218,11317,18213,616,43,559
java_meta_model,java_meta_model-l189-c37.result.json,5,5,26,18,26,21,6,6,442,7339,12612,353,37,203
java_meta_model,java_meta_model-l189-c39.result.json,8,8,26,22,35,21,14,15,658,8275,13930,574,45,514
java_meta_model,java_meta_model-l193-c28.result.json,8,8,26,23,36,21,15,18,882,9883,16394,699,63,624
java_meta_model,java_meta_model-l193-c51.result.json,0,0,26,12,18,21,0,0,322,6595,11605,42,33,0
java_meta_model,java_meta_model-l193-c60.result.json,0,0,26,12,18,21,0,0,322,6595,11605,39,32,0
java_meta_model,java_meta_model-l193-c69.result.json,0,0,26,12,18,21,0,0,322,6595,11605,37,31,0
java_meta_model,java_meta_model-l193-c81.result.json,0,0,26,12,18,21,0,0,322,6595,11605,38,31,0
java_meta_model,java_meta_model-l197-c38.result.json,5,5,26,20,28,21,7,7,442,7267,12444,341,37,186
java_meta_model,java_meta_model-l197-c40.result.json,8,8,26,22,35,21,14,15,658,8203,13762,596,72,508
java_meta_model,java_meta_model-l20-c18.result.json,5,5,26,20,28,21,7,7,322,6609,11629,224,36,176
java_meta_model,java_meta_model-l201-c11.result.json,5,5,26,20,28,21,7,7,322,6609,11629,346,57,177
java_meta_model,java_meta_model-l201-c18.result.json,9,9,26,22,31,21,14,14,322,6674,11752,781,47,716
java_meta_model,java_meta_model-l206-c17.result.json,9,9,26,22,31,21,12,12,610,7982,13618,809,43,744
java_meta_model,java_meta_model-l209-c17.result.json,9,9,26,22,31,21,12,12,610,7982,13618,745,45,688
java_meta_model,java_meta_model-l209-c32.result.json,9,9,26,22,31,21,12,12,610,7982,13618,763,40,710
java_meta_model,java_meta_model-l209-c43.result.json,5,5,26,20,28,21,8,8,402,7344,12804,343,39,189
java_meta_model,java_meta_model-l212-c11.result.json,5,5,26,20,28,21,7,7,322,6609,11629,350,37,202
java_meta_model,java_meta_model-l212-c17.result.json,8,8,26,22,35,21,14,15,322,6631,11669,624,48,559
java_meta_model,java_meta_model-l215-c35.result.json,8,8,26,22,35,21,14,15,658,8179,13783,644,49,576
java_meta_model,java_meta_model-l216-c36.result.json,9,9,26,22,31,21,14,14,898,9266,15469,741,44,682
java_meta_model,java_meta_model-l218-c11.result.json,0,0,26,12,18,21,0,0,322,6595,11605,146,35,0
java_meta_model,java_meta_model-l218-c17.result.json,9,9,26,23,36,21,14,17,322,6718,11860,755,46,696
java_meta_model,java_meta_model-l221-c32.result.json,9,9,26,22,34,21,12,14,898,10142,17002,758,46,700
java_meta_model,java_meta_model-l221-c39.result.json,9,9,26,22,34,21,12,14,898,10142,17002,751,44,696
java_meta_model,java_meta_model-l227-c27.result.json,9,9,26,22,36,21,14,17,898,10258,17278,857,51,794
java_meta_model,java_meta_model-l227-c36.result.json,9,9,26,22,36,21,14,17,898,10258,17278,779,49,719
java_meta_model,java_meta_model-l227-c45.result.json,9,9,26,22,36,21,12,15,898,10258,17278,762,56,695
java_meta_model,java_meta_model-l227-c52.result.json,3,5,26,18,29,21,6,9,482,8003,13813,346,42,188
java_meta_model,java_meta_model-l227-c55.result.json,9,9,26,22,36,21,14,17,898,10258,17278,743,51,683
java_meta_model,java_meta_model-l227-c63.result.json,5,5,26,22,34,21,13,16,482,7645,13213,234,41,181
java_meta_model,java_meta_model-l237-c6.result.json,9,9,26,23,36,21,15,18,322,6718,11860,738,45,683
java_meta_model,java_meta_model-l242-c34.result.json,8,8,26,22,35,21,12,13,658,8179,13783,613,49,549
java_meta_model,java_meta_model-l245-c29.result.json,9,9,26,22,34,21,12,14,898,10142,17002,799,50,737
java_meta_model,java_meta_model-l245-c36.result.json,9,9,26,22,34,21,12,14,898,10142,17002,869,51,804
java_meta_model,java_meta_model-l245-c46.result.json,9,9,26,23,34,21,15,17,898,10142,17002,829,85,732
java_meta_model,java_meta_model-l245-c63.result.json,9,9,26,22,34,21,12,14,898,10142,17002,738,51,673
java_meta_model,java_meta_model-l245-c79.result.json,9,9,26,22,34,21,12,14,898,10142,17002,747,49,686
java_meta_model,java_meta_model-l245-c83.result.json,3,5,26,20,31,21,8,10,482,7931,13645,392,50,231
java_meta_model,java_meta_model-l245-c85.result.json,9,9,26,22,34,21,12,14,898,10142,17002,907,53,840
java_meta_model,java_meta_model-l245-c90.result.json,5,5,26,20,31,21,8,10,482,7573,13045,268,40,215
java_meta_model,java_meta_model-l249-c20.result.json,9,9,26,22,31,21,12,12,610,7982,13618,715,44,659
java_meta_model,java_meta_model-l249-c40.result.json,9,9,26,22,31,21,12,12,610,7982,13618,743,43,689
java_meta_model,java_meta_model-l249-c55.result.json,9,9,26,22,31,21,12,12,610,7982,13618,768,40,716
java_meta_model,java_meta_model-l253-c28.result.json,9,9,26,22,34,21,12,14,2050,15606,24829,867,60,791
java_meta_model,java_meta_model-l253-c35.result.json,9,9,26,22,34,21,12,14,2050,15606,24829,811,49,748
java_meta_model,java_meta_model-l253-c44.result.json,9,9,26,22,34,21,12,14,2050,15606,24829,866,51,803
java_meta_model,java_meta_model-l253-c60.result.json,9,9,26,23,34,21,14,16,2050,15606,24829,871,54,804
java_meta_model,java_meta_model-l253-c77.result.json,9,9,26,22,34,21,12,14,2050,15606,24829,896,56,826
java_meta_model,java_meta_model-l253-c81.result.json,3,5,26,20,31,21,8,11,802,9283,15530,414,73,223
java_meta_model,java_meta_model-l253-c83.result.json,9,9,26,22,34,21,12,14,2050,15606,24829,882,59,809
java_meta_model,java_meta_model-l253-c88.result.json,5,5,26,20,31,21,8,11,802,9085,15204,281,44,222
java_meta_model,java_meta_model-l256-c28.result.json,9,9,26,22,34,21,12,14,1474,12438,20149,970,64,888
java_meta_model,java_meta_model-l256-c35.result.json,9,9,26,22,34,21,12,14,1474,12438,20149,869,52,803
java_meta_model,java_meta_model-l256-c45.result.json,9,9,26,22,34,21,12,15,1474,12438,20149,845,49,783
java_meta_model,java_meta_model-l256-c60.result.json,9,9,26,22,34,21,14,16,1474,12438,20149,803,54,737
java_meta_model,java_meta_model-l256-c77.result.json,9,9,26,22,34,21,14,16,1474,12438,20149,830,48,768
java_meta_model,java_meta_model-l256-c81.result.json,3,5,26,20,31,21,8,10,642,8587,14688,361,45,204
java_meta_model,java_meta_model-l256-c83.result.json,9,9,26,22,34,21,12,14,1474,12438,20149,794,49,732
java_meta_model,java_meta_model-l256-c88.result.json,5,5,26,20,31,21,8,10,642,8205,13904,271,45,210
java_meta_model,java_meta_model-l260-c102.result.json,9,9,26,22,34,21,12,14,5506,26558,43858,946,72,860
java_meta_model,java_meta_model-l260-c106.result.json,3,5,26,20,31,21,8,10,1762,12331,20831,383,41,230
java_meta_model,java_meta_model-l260-c108.result.json,9,9,26,22,34,21,12,14,5506,26558,43858,978,69,896
java_meta_model,java_meta_model-l260-c113.result.json,5,5,26,20,31,21,8,10,1762,12133,20505,294,45,232
java_meta_model,java_meta_model-l260-c28.result.json,9,9,26,22,34,21,12,14,5506,26558,43858,897,60,826
java_meta_model,java_meta_model-l260-c35.result.json,9,9,26,23,34,21,13,15,5506,26558,43858,919,55,850
java_meta_model,java_meta_model-l260-c45.result.json,9,9,26,22,34,21,12,14,5506,26558,43858,848,60,773
java_meta_model,java_meta_model-l260-c62.result.json,9,9,26,22,34,21,12,14,5506,26558,43858,816,52,753
java_meta_model,java_meta_model-l260-c79.result.json,9,9,26,22,34,21,12,14,5506,26558,43858,1175,72,1091
java_meta_model,java_meta_model-l260-c90.result.json,9,9,26,22,34,21,12,14,5506,26558,43858,937,57,867
java_meta_model,java_meta_model-l264-c29.result.json,1,1,26,12,18,21,0,0,322,6595,11605,229,30,81
java_meta_model,java_meta_model-l264-c35.result.json,1,1,26,12,18,21,0,0,322,6595,11605,248,41,91
java_meta_model,java_meta_model-l264-c38.result.json,1,1,26,12,18,21,0,0,322,6595,11605,217,38,167
java_meta_model,java_meta_model-l264-c56.result.json,1,1,26,12,18,21,0,0,322,6595,11605,239,34,84
java_meta_model,java_meta_model-l264-c59.result.json,1,1,26,12,18,21,0,0,322,6595,11605,182,32,138
java_meta_model,java_meta_model-l264-c76.result.json,1,1,26,12,18,21,0,0,322,6595,11605,232,33,81
java_meta_model,java_meta_model-l264-c79.result.json,1,1,26,12,18,21,0,0,322,6595,11605,102,33,58
java_meta_model,java_meta_model-l264-c95.result.json,1,1,26,12,18,21,0,0,322,6595,11605,231,32,82
java_meta_model,java_meta_model-l264-c98.result.json,1,1,26,12,18,21,0,0,322,6595,11605,183,31,140
java_meta_model,java_meta_model-l268-c27.result.json,9,9,26,22,36,21,14,17,898,10258,17278,716,47,659
java_meta_model,java_meta_model-l268-c35.result.json,9,9,26,22,36,21,14,17,898,10258,17278,762,55,695
java_meta_model,java_meta_model-l268-c44.result.json,9,9,26,22,36,21,14,17,898,10258,17278,875,54,807
java_meta_model,java_meta_model-l268-c51.result.json,3,5,26,18,29,21,6,9,482,8003,13813,340,40,182
java_meta_model,java_meta_model-l268-c54.result.json,9,9,26,22,36,21,14,17,898,10258,17278,749,46,693
java_meta_model,java_meta_model-l268-c62.result.json,5,5,26,22,34,21,11,14,482,7645,13213,223,40,174
java_meta_model,java_meta_model-l273-c18.result.json,9,9,26,22,31,21,12,12,1186,10562,17341,747,44,691
java_meta_model,java_meta_model-l273-c38.result.json,9,9,26,22,31,21,12,12,1186,10562,17341,694,47,634
java_meta_model,java_meta_model-l273-c53.result.json,9,9,26,22,31,21,12,12,1186,10562,17341,811,51,748
java_meta_model,java_meta_model-l273-c58.result.json,5,5,26,20,28,21,7,7,562,7681,13124,369,43,209
java_meta_model,java_meta_model-l273-c81.result.json,9,9,26,22,31,21,12,12,1186,10562,17341,788,45,729
java_meta_model,java_meta_model-l273-c83.result.json,0,0,26,12,18,21,0,0,322,6595,11605,41,32,0
java_meta_model,java_meta_model-l273-c95.result.json,9,9,26,22,31,21,12,12,1186,10562,17341,689,45,634
java_meta_model,java_meta_model-l273-c97.result.json,4,4,26,22,31,21,13,13,466,7265,12542,166,41,109
java_meta_model,java_meta_model-l278-c32.result.json,4,5,26,16,27,21,3,4,402,7292,12589,390,38,236
java_meta_model,java_meta_model-l278-c35.result.json,8,8,26,22,35,21,12,13,546,8191,13748,566,46,508
java_meta_model,java_meta_model-l281-c24.result.json,9,9,26,22,31,21,12,12,898,9278,15490,788,46,730
java_meta_model,java_meta_model-l281-c39.result.json,9,9,26,22,31,21,12,12,898,9278,15490,831,47,770
java_meta_model,java_meta_model-l281-c4.result.json,9,9,26,22,31,21,12,12,898,9278,15490,752,42,695
java_meta_model,java_meta_model-l286-c2.result.json,9,9,26,22,31,21,14,14,898,9278,15490,740,41,687
java_meta_model,java_meta_model-l286-c29.result.json,9,9,26,22,31,21,12,12,898,9278,15490,695,41,642
java_meta_model,java_meta_model-l286-c34.result.json,5,5,26,20,28,21,7,7,482,7333,12625,408,43,212
java_meta_model,java_meta_model-l286-c7.result.json,5,5,26,20,28,21,7,7,482,7333,12625,367,42,210
java_meta_model,java_meta_model-l290-c18.result.json,9,9,26,22,31,21,12,12,1186,10562,17341,807,45,748
java_meta_model,java_meta_model-l290-c38.result.json,9,9,26,22,31,21,12,12,1186,10562,17341,732,45,675
java_meta_model,java_meta_model-l290-c53.result.json,9,9,26,22,31,21,12,12,1186,10562,17341,703,45,645
java_meta_model,java_meta_model-l290-c58.result.json,5,5,26,20,28,21,7,7,562,7681,13124,430,48,230
java_meta_model,java_meta_model-l290-c81.result.json,9,9,26,22,31,21,12,12,1186,10562,17341,910,51,844
java_meta_model,java_meta_model-l290-c83.result.json,0,0,26,12,18,21,0,0,322,6595,11605,55,44,0
java_meta_model,java_meta_model-l290-c95.result.json,9,9,26,22,31,21,12,12,1186,10562,17341,860,53,793
java_meta_model,java_meta_model-l290-c97.result.json,4,4,26,22,31,21,11,11,466,7265,12542,183,44,126
java_meta_model,java_meta_model-l297-c27.result.json,4,4,26,21,33,21,9,13,466,7265,12521,176,43,120
java_meta_model,java_meta_model-l297-c35.result.json,9,9,26,22,36,21,13,17,1186,10562,17341,830,47,765
java_meta_model,java_meta_model-l298-c41.result.json,4,4,26,21,33,21,11,15,466,7265,12521,181,46,123
java_meta_model,java_meta_model-l298-c55.result.json,9,9,26,23,36,21,14,18,1186,10562,17341,958,56,884
java_meta_model,java_meta_model-l305-c4.result.json,3,3,26,18,26,21,6,6,370,6988,12268,158,50,94
java_meta_model,java_meta_model-l310-c6.result.json,4,4,26,18,30,21,7,8,418,7379,12874,219,47,156
java_meta_model,java_meta_model-l348-c19.result.json,9,9,26,22,31,21,12,12,610,7982,13618,833,42,775
java_meta_model,java_meta_model-l348-c37.result.json,9,9,26,22,31,21,12,12,610,7982,13618,772,41,719
java_meta_model,java_meta_model-l348-c58.result.json,9,9,26,22,31,21,12,12,610,7982,13618,811,47,751
java_meta_model,java_meta_model-l348-c79.result.json,9,9,26,22,31,21,12,12,610,7982,13618,872,64,792
java_meta_model,java_meta_model-l353-c37.result.json,9,9,26,22,31,21,12,12,898,9266,15469,732,46,666
java_meta_model,java_meta_model-l354-c35.result.json,8,8,26,22,35,21,14,15,658,8179,13783,590,51,526
java_meta_model,java_meta_model-l355-c35.result.json,8,8,26,22,31,21,11,11,770,8737,14748,661,47,599
java_meta_model,java_meta_model-l359-c33.result.json,8,8,26,22,35,21,13,14,546,8191,13748,817,46,756
java_meta_model,java_meta_model-l359-c46.result.json,8,8,26,22,35,21,14,15,546,8191,13748,689,47,627
java_meta_model,java_meta_model-l359-c60.result.json,8,8,26,22,35,21,14,15,546,8191,13748,636,78,544
java_meta_model,java_meta_model-l359-c68.result.json,8,8,26,22,35,21,13,14,546,8191,13748,747,49,683
java_meta_model,java_meta_model-l45-c25.result.json,5,5,26,20,28,21,7,7,322,6609,11629,298,42,239
java_meta_model,java_meta_model-l49-c38.result.json,5,5,26,20,28,21,7,7,322,6609,11629,295,42,235
java_meta_model,java_meta_model-l52-c29.result.json,5,5,26,20,28,21,7,7,322,6609,11629,250,38,200
java_meta_model,java_meta_model-l58-c40.result.json,5,5,26,20,28,21,7,7,322,6609,11629,244,37,196
java_meta_model,java_meta_model-l67-c28.result.json,5,5,26,20,28,21,7,7,322,6609,11629,250,40,199
java_meta_model,java_meta_model-l73-c39.result.json,5,5,26,20,28,21,7,7,322,6609,11629,251,46,194
java_meta_model,java_meta_model-l8-c38.result.json,5,5,26,20,28,21,7,7,322,6609,11629,270,42,216
java_meta_model,java_meta_model-l80-c49.result.json,4,4,26,21,33,21,9,13,418,7061,12251,194,45,129
java_meta_model,java_meta_model-l80-c56.result.json,9,9,26,22,36,21,12,16,898,9266,15469,902,51,836
java_meta_model,java_meta_model-l82-c48.result.json,9,9,26,23,36,21,13,16,898,9266,15469,856,78,756
java_meta_model,java_meta_model-l82-c61.result.json,4,4,26,21,33,21,9,13,418,7061,12251,209,47,143
java_meta_model,java_meta_model-l82-c69.result.json,9,9,26,23,36,21,15,18,898,9266,15469,913,56,843
java_meta_model,java_meta_model-l89-c15.result.json,4,4,26,21,33,21,11,14,394,6941,12083,186,41,130
java_meta_model,java_meta_model-l89-c27.result.json,8,8,26,23,36,21,14,18,658,8179,13783,636,52,569
java_meta_model,java_meta_model-l90-c34.result.json,5,5,26,21,33,21,9,12,522,7513,12823,390,46,226
java_meta_model,java_meta_model-l90-c36.result.json,0,0,26,12,18,21,0,0,322,6595,11605,47,38,0
java_meta_model,java_meta_model-l90-c49.result.json,3,3,26,21,33,21,10,14,382,6915,12053,147,52,80
java_meta_model,java_meta_model-l90-c57.result.json,0,0,26,12,18,21,0,0,322,6595,11605,49,38,0
java_meta_model,java_meta_model-l93-c59.result.json,9,9,26,22,36,21,14,18,898,9266,15469,865,50,801
java_meta_model,java_meta_model-l93-c72.result.json,4,4,26,21,33,21,11,15,418,7061,12251,181,45,122
java_meta_model,java_meta_model-l93-c86.result.json,9,9,26,23,36,21,14,17,898,9266,15469,857,50,795
java_meta_model,java_meta_model-l97-c5.result.json,0,0,26,12,18,21,0,0,322,6595,11605,53,38,0
modelo-alloy,modelo-alloy-l109-c23.result.json,5,5,40,8,9,27,1,1,588,9478,20868,842,92,732
modelo-alloy,modelo-alloy-l113-c22.result.json,5,5,40,8,9,27,1,1,588,9478,20868,504,66,431
modelo-alloy,modelo-alloy-l128-c24.result.json,5,5,40,12,18,27,8,11,748,10169,21867,726,366,343
modelo-alloy,modelo-alloy-l128-c37.result.json,2,2,40,13,20,27,7,13,604,9632,21250,693,119,202
modelo-alloy,modelo-alloy-l128-c39.result.json,5,5,40,12,18,27,8,11,748,10169,21867,688,420,254
modelo-alloy,modelo-alloy-l137-c26.result.json,3,4,40,16,24,27,11,17,684,10449,22839,655,95,211
modelo-alloy,modelo-alloy-l137-c29.result.json,5,5,40,12,20,27,8,14,748,10409,22287,553,298,240
modelo-alloy,modelo-alloy-l137-c51.result.json,3,4,40,15,24,27,11,17,684,10449,22839,672,101,218
modelo-alloy,modelo-alloy-l137-c54.result.json,5,5,40,12,20,27,8,14,748,10409,22287,507,258,235
modelo-alloy,modelo-alloy-l143-c27.result.json,1,1,40,3,3,27,1,1,588,9458,20834,341,35,71
modelo-alloy,modelo-alloy-l143-c29.result.json,3,3,40,19,30,27,16,19,612,9642,21110,325,93,225
modelo-alloy,modelo-alloy-l143-c39.result.json,5,5,40,15,21,27,12,15,668,9845,21389,328,77,240
modelo-alloy,modelo-alloy-l15-c18.result.json,5,5,40,8,9,27,1,1,588,9478,20868,244,45,197
modelo-alloy,modelo-alloy-l151-c38.result.json,3,3,40,18,28,27,14,17,636,9726,21224,299,80,213
modelo-alloy,modelo-alloy-l159-c20.result.json,4,4,40,15,20,27,10,13,612,9630,21110,268,109,154
modelo-alloy,modelo-alloy-l164-c16.result.json,2,2,40,3,3,27,1,1,588,9458,20834,37,34,0
modelo-alloy,modelo-alloy-l170-c25.result.json,3,3,40,18,28,27,14,17,612,9642,21110,481,281,194
modelo-alloy,modelo-alloy-l170-c39.result.json,4,4,40,15,20,27,10,13,612,9642,21110,156,80,72
modelo-alloy,modelo-alloy-l170-c63.result.json,2,2,40,3,3,27,1,1,588,9458,20834,34,32,0
modelo-alloy,modelo-alloy-l178-c16.result.json,0,0,40,3,3,27,1,1,588,9458,20834,35,32,0
modelo-alloy,modelo-alloy-l178-c34.result.json,0,0,40,3,3,27,1,1,588,9458,20834,34,32,0
modelo-alloy,modelo-alloy-l178-c7.result.json,2,2,40,16,20,27,10,13,604,9565,21007,190,122,64
modelo-alloy,modelo-alloy-l187-c16.result.json,0,0,40,3,3,27,1,1,588,9458,20834,37,34,0
modelo-alloy,modelo-alloy-l187-c25.result.json,2,2,40,14,21,27,10,14,620,9709,21237,110,83,23
modelo-alloy,modelo-alloy-l187-c7.result.json,2,2,40,16,21,27,10,13,620,9709,21237,152,85,63
modelo-alloy,modelo-alloy-l19-c16.result.json,5,5,40,8,9,27,1,1,588,9478,20868,274,38,233
modelo-alloy,modelo-alloy-l199-c47.result.json,2,2,40,16,25,27,12,15,604,9664,21174,454,88,137
modelo-alloy,modelo-alloy-l199-c50.result.json,3,3,40,18,28,27,14,17,636,9822,21392,291,85,197
modelo-alloy,modelo-alloy-l2-c87.result.json,5,5,40,16,23,27,10,13,588,9478,20868,286,63,219
modelo-alloy,modelo-alloy-l208-c21.result.json,5,5,40,12,18,27,8,11,668,9809,21347,533,268,254
modelo-alloy,modelo-alloy-l219-c26.result.json,3,4,40,15,24,27,11,17,684,10449,22839,666,87,233
modelo-alloy,modelo-alloy-l219-c29.result.json,5,5,40,12,20,27,8,14,748,10409,22287,600,336,250
modelo-alloy,modelo-alloy-l227-c15.result.json,5,5,40,13,20,27,6,11,908,11126,23324,518,50,216
modelo-alloy,modelo-alloy-l227-c18.result.json,5,5,40,12,20,27,8,14,908,11129,23327,450,210,227
modelo-alloy,modelo-alloy-l227-c7.result.json,5,5,40,12,20,27,8,14,908,11129,23327,449,223,213
modelo-alloy,modelo-alloy-l240-c32.result.json,5,5,40,10,11,27,2,2,828,10814,22888,268,39,226
modelo-alloy,modelo-alloy-l240-c34.result.json,0,0,40,3,3,27,1,1,588,9458,20834,34,32,0
modelo-alloy,modelo-alloy-l251-c46.result.json,3,3,40,18,28,27,14,17,612,9642,21110,268,77,184
modelo-alloy,modelo-alloy-l261-c14.result.json,0,0,40,3,3,27,1,1,588,9458,20834,55,53,0
modelo-alloy,modelo-alloy-l263-c11.result.json,0,0,40,3,3,27,1,1,588,9458,20834,37,35,0
modelo-alloy,modelo-alloy-l263-c29.result.json,0,0,40,3,3,27,1,1,588,9458,20834,34,32,0
modelo-alloy,modelo-alloy-l264-c7.result.json,0,0,40,3,3,27,1,1,588,9458,20834,33,31,0
modelo-alloy,modelo-alloy-l277-c53.result.json,0,0,40,3,3,27,1,1,588,9458,20834,34,32,0
modelo-alloy,modelo-alloy-l277-c55.result.json,0,0,40,3,3,27,1,1,588,9458,20834,33,31,0
modelo-alloy,modelo-alloy-l277-c67.result.json,0,0,40,3,3,27,1,1,588,9458,20834,34,32,0
modelo-alloy,modelo-alloy-l292-c30.result.json,3,3,40,18,28,27,14,17,612,9642,21110,284,93,185
modelo-alloy,modelo-alloy-l292-c39.result.json,5,5,40,17,24,27,11,16,668,9845,21389,338,79,249
modelo-alloy,modelo-alloy-l300-c22.result.json,1,1,40,3,3,27,1,1,588,9458,20834,402,39,89
modelo-alloy,modelo-alloy-l300-c25.result.json,1,1,40,3,3,27,1,1,588,9458,20834,127,38,81
modelo-alloy,modelo-alloy-l300-c47.result.json,1,1,40,3,3,27,1,1,588,9458,20834,394,38,84
modelo-alloy,modelo-alloy-l300-c50.result.json,1,1,40,3,3,27,1,1,588,9458,20834,146,38,101
modelo-alloy,modelo-alloy-l301-c17.result.json,1,2,40,3,3,27,1,1,588,9458,20834,96,40,52
modelo-alloy,modelo-alloy-l301-c32.result.json,1,1,40,3,3,27,1,1,588,9458,20834,117,36,75
modelo-alloy,modelo-alloy-l301-c42.result.json,1,2,40,3,3,27,1,1,588,9458,20834,93,37,53
modelo-alloy,modelo-alloy-l301-c7.result.json,1,1,40,3,3,27,1,1,588,9458,20834,119,34,78
modelo-alloy,modelo-alloy-l314-c21.result.json,0,0,40,3,3,27,1,1,588,9458,20834,37,35,0
modelo-alloy,modelo-alloy-l314-c45.result.json,0,0,40,3,3,27,1,1,588,9458,20834,39,36,0
modelo-alloy,modelo-alloy-l314-c75.result.json,0,0,40,3,3,27,1,1,588,9458,20834,38,36,0
modelo-alloy,modelo-alloy-l324-c41.result.json,5,5,40,12,18,27,8,11,748,10409,22287,1050,770,267
modelo-alloy,modelo-alloy-l324-c52.result.json,5,5,40,12,18,27,8,11,748,10409,22287,1042,779,250
modelo-alloy,modelo-alloy-l332-c21.result.json,1,1,40,3,3,27,1,1,588,9458,20834,121,37,78
modelo-alloy,modelo-alloy-l332-c34.result.json,1,1,40,3,3,27,1,1,588,9458,20834,124,38,76
modelo-alloy,modelo-alloy-l343-c23.result.json,5,5,40,12,18,27,8,11,668,9809,21347,800,551,238
modelo-alloy,modelo-alloy-l353-c26.result.json,3,3,40,18,28,27,14,17,612,9642,21110,287,89,192
modelo-alloy,modelo-alloy-l353-c35.result.json,5,5,40,15,24,27,11,16,668,9845,21389,334,72,251
modelo-alloy,modelo-alloy-l363-c24.result.json,1,1,40,3,3,27,1,1,588,9458,20834,122,36,80
modelo-alloy,modelo-alloy-l363-c40.result.json,1,1,40,3,3,27,1,1,588,9458,20834,121,37,77
modelo-alloy,modelo-alloy-l363-c55.result.json,1,1,40,3,3,27,1,1,588,9458,20834,144,34,105
modelo-alloy,modelo-alloy-l363-c8.result.json,1,1,40,3,3,27,1,1,588,9458,20834,117,36,76
modelo-alloy,modelo-alloy-l371-c18.result.json,5,5,40,12,18,27,8,11,668,9809,21347,751,493,247
modelo-alloy,modelo-alloy-l382-c34.result.json,1,1,40,3,3,27,1,1,588,9458,20834,116,38,73
modelo-alloy,modelo-alloy-l382-c47.result.json,1,1,40,3,3,27,1,1,588,9458,20834,112,37,69
modelo-alloy,modelo-alloy-l398-c44.result.json,3,3,40,19,28,27,14,17,612,9642,21110,295,77,210
modelo-alloy,modelo-alloy-l399-c47.result.json,3,3,40,18,28,27,14,17,612,9642,21110,315,96,212
modelo-alloy,modelo-alloy-l404-c46.result.json,2,2,40,16,25,27,12,15,604,9664,21174,499,81,190
modelo-alloy,modelo-alloy-l404-c49.result.json,3,3,40,18,28,27,14,17,636,9822,21392,296,70,220
modelo-alloy,modelo-alloy-l416-c18.result.json,5,5,40,16,24,27,11,16,668,9845,21389,390,88,292
modelo-alloy,modelo-alloy-l416-c9.result.json,3,3,40,18,28,27,14,17,612,9642,21110,337,72,259
modelo-alloy,modelo-alloy-l428-c22.result.json,5,5,40,17,24,27,11,17,748,10511,22453,739,202,266
modelo-alloy,modelo-alloy-l428-c24.result.json,0,0,40,3,3,27,1,1,588,9458,20834,52,50,0
modelo-alloy,modelo-alloy-l428-c41.result.json,0,0,40,3,3,27,1,1,588,9458,20834,54,51,0
modelo-alloy,modelo-alloy-l428-c43.result.json,5,5,40,12,18,27,8,11,748,10169,21867,1008,615,375
modelo-alloy,modelo-alloy-l435-c30.result.json,0,0,40,3,3,27,1,1,588,9458,20834,42,39,0
modelo-alloy,modelo-alloy-l435-c32.result.json,0,0,40,3,3,27,1,1,588,9458,20834,36,34,0
modelo-alloy,modelo-alloy-l435-c44.result.json,0,0,40,3,3,27,1,1,588,9458,20834,53,51,0
modelo-alloy,modelo-alloy-l443-c14.result.json,3,3,40,3,3,27,1,1,588,9461,20838,86,50,33
modelo-alloy,modelo-alloy-l444-c20.result.json,1,1,40,3,3,27,1,1,588,9458,20834,180,52,118
modelo-alloy,modelo-alloy-l452-c52.result.json,0,0,40,3,3,27,1,1,588,9458,20834,53,51,0
modelo-alloy,modelo-alloy-l452-c54.result.json,0,0,40,3,3,27,1,1,588,9458,20834,53,51,0
modelo-alloy,modelo-alloy-l452-c66.result.json,0,0,40,3,3,27,1,1,588,9458,20834,54,52,0
modelo-alloy,modelo-alloy-l463-c24.result.json,5,5,40,12,18,27,8,11,748,10169,21867,1206,802,385
modelo-alloy,modelo-alloy-l463-c37.result.json,2,2,40,11,20,27,7,13,604,9632,21250,841,161,199
modelo-alloy,modelo-alloy-l463-c39.result.json,5,5,40,12,18,27,8,11,748,10169,21867,1166,805,343
modelo-alloy,modelo-alloy-l470-c26.result.json,3,4,40,16,24,27,11,17,684,10449,22839,1076,176,323
modelo-alloy,modelo-alloy-l470-c29.result.json,5,5,40,12,20,27,8,14,748,10409,22287,916,552,343
modelo-alloy,modelo-alloy-l470-c51.result.json,3,4,40,16,24,27,11,17,684,10449,22839,942,158,295
modelo-alloy,modelo-alloy-l470-c54.result.json,5,5,40,13,20,27,8,14,748,10409,22287,574,257,301
modelo-alloy,modelo-alloy-l475-c30.result.json,3,3,40,18,28,27,14,17,612,9642,21110,386,103,277
modelo-alloy,modelo-alloy-l475-c39.result.json,5,5,40,15,24,27,11,16,668,9845,21389,390,102,277
modelo-alloy,modelo-alloy-l481-c23.result.json,5,5,40,12,18,27,8,11,668,9809,21347,1170,747,408
modelo-alloy,modelo-alloy-l485-c20.result.json,5,5,40,12,18,27,8,11,668,9809,21347,1008,625,366
modelo-alloy,modelo-alloy-l489-c18.result.json,5,5,40,12,18,27,8,11,668,9809,21347,994,684,292
modelo-alloy,modelo-alloy-l495-c27.result.json,3,3,40,18,28,27,14,17,612,9642,21110,348,78,259
modelo-alloy,modelo-alloy-l495-c45.result.json,0,0,40,3,3,27,1,1,588,9458,20834,47,45,0
modelo-alloy,modelo-alloy-l498-c27.result.json,3,3,40,18,28,27,14,17,612,9642,21110,374,104,261
modelo-alloy,modelo-alloy-l498-c45.result.json,0,0,40,3,3,27,1,1,588,9458,20834,36,33,0
modelo-alloy,modelo-alloy-l5-c74.result.json,5,5,40,7,9,27,1,1,588,9498,20904,279,58,218
modelo-alloy,modelo-alloy-l83-c23.result.json,5,5,40,8,9,27,1,1,588,9478,20868,387,56,328
modelo-alloy,modelo-alloy-l92-c18.result.json,5,5,40,8,9,27,1,1,588,9478,20868,270,34,232
